# lena.jpg	[1,0;0,1]
# unwarped points: 892	warped points: 895
# fraction found	fraction correct
0	1.00336	0
0.1	1.00336	0.986592
0.2	1.00336	0.988827
0.3	1.00336	0.989944
0.4	1.00336	0.989944
0.5	1.00336	0.991061
0.6	1.00336	0.992179
0.7	1.00336	0.992179
0.8	1.00336	0.994413
0.9	1.00336	0.997765
1	1.00336	0.997765
1.1	1.00336	1.00447
1.2	1.00336	1.0067
1.3	1.00336	1.00894
1.4	1.00336	1.01341
1.5	1.00336	1.01341
1.6	1.00336	1.01341
1.7	1.00336	1.01564
1.8	1.00336	1.01788
1.9	1.00336	1.02011
2	1.00336	1.02011
2.1	1.00336	1.02682
2.2	1.00336	1.03128
2.3	1.00336	1.03352
2.4	1.00336	1.03575
2.5	1.00336	1.04246
2.6	1.00336	1.0514
2.7	1.00336	1.06704
2.8	1.00336	1.09162
2.9	1.00336	1.1162
3	1.00336	1.13855
3.1	1.00336	1.16536
3.2	1.00336	1.19888
3.3	1.00336	1.24358
3.4	1.00336	1.27933
3.5	1.00336	1.32067
3.6	1.00336	1.34749
3.7	1.00336	1.39441
3.8	1.00336	1.44358
3.9	1.00336	1.48492
4	1.00336	1.52514
# lena.jpg	[1,0;0.100335,1]
# unwarped points: 892	warped points: 875
# fraction found	fraction correct
0	0.980942	0
0.1	0.980942	0.401143
0.2	0.980942	0.635429
0.3	0.980942	0.700571
0.4	0.980942	0.723429
0.5	0.980942	0.732571
0.6	0.980942	0.742857
0.7	0.980942	0.750857
0.8	0.980942	0.754286
0.9	0.980942	0.76
1	0.980942	0.762286
1.1	0.980942	0.765714
1.2	0.980942	0.772571
1.3	0.980942	0.778286
1.4	0.980942	0.779429
1.5	0.980942	0.781714
1.6	0.980942	0.782857
1.7	0.980942	0.784
1.8	0.980942	0.787429
1.9	0.980942	0.787429
2	0.980942	0.789714
2.1	0.980942	0.793143
2.2	0.980942	0.797714
2.3	0.980942	0.8
2.4	0.980942	0.803429
2.5	0.980942	0.809143
2.6	0.980942	0.814857
2.7	0.980942	0.826286
2.8	0.980942	0.844571
2.9	0.980942	0.869714
3	0.980942	0.896
3.1	0.980942	0.922286
3.2	0.980942	0.956571
3.3	0.980942	0.993143
3.4	0.980942	1.01829
3.5	0.980942	1.06171
3.6	0.980942	1.096
3.7	0.980942	1.14286
3.8	0.980942	1.176
3.9	0.980942	1.21257
4	0.980942	1.25829
# lena.jpg	[1,0;0.20271,1]
# unwarped points: 892	warped points: 817
# fraction found	fraction correct
0	0.915919	0
0.1	0.915919	0.304774
0.2	0.915919	0.512852
0.3	0.915919	0.610771
0.4	0.915919	0.664627
0.5	0.915919	0.687882
0.6	0.915919	0.701346
0.7	0.915919	0.711138
0.8	0.915919	0.719706
0.9	0.915919	0.724602
1	0.915919	0.728274
1.1	0.915919	0.736842
1.2	0.915919	0.742962
1.3	0.915919	0.750306
1.4	0.915919	0.755202
1.5	0.915919	0.760098
1.6	0.915919	0.761322
1.7	0.915919	0.764994
1.8	0.915919	0.766218
1.9	0.915919	0.766218
2	0.915919	0.76989
2.1	0.915919	0.77601
2.2	0.915919	0.78213
2.3	0.915919	0.787026
2.4	0.915919	0.78825
2.5	0.915919	0.795594
2.6	0.915919	0.801714
2.7	0.915919	0.815177
2.8	0.915919	0.833537
2.9	0.915919	0.858017
3	0.915919	0.880049
3.1	0.915919	0.906977
3.2	0.915919	0.933905
3.3	0.915919	0.96328
3.4	0.915919	1.00979
3.5	0.915919	1.05018
3.6	0.915919	1.08568
3.7	0.915919	1.12362
3.8	0.915919	1.16157
3.9	0.915919	1.19951
4	0.915919	1.23623
# lena.jpg	[1,0;0.309336,1]
# unwarped points: 892	warped points: 745
# fraction found	fraction correct
0	0.835202	0
0.1	0.835202	0.238926
0.2	0.835202	0.444295
0.3	0.835202	0.538255
0.4	0.835202	0.586577
0.5	0.835202	0.633557
0.6	0.835202	0.655034
0.7	0.835202	0.665772
0.8	0.835202	0.671141
0.9	0.835202	0.679195
1	0.835202	0.692617
1.1	0.835202	0.697987
1.2	0.835202	0.704698
1.3	0.835202	0.714094
1.4	0.835202	0.72349
1.5	0.835202	0.728859
1.6	0.835202	0.732886
1.7	0.835202	0.734228
1.8	0.835202	0.739597
1.9	0.835202	0.743624
2	0.835202	0.744966
2.1	0.835202	0.750336
2.2	0.835202	0.754362
2.3	0.835202	0.758389
2.4	0.835202	0.771812
2.5	0.835202	0.783893
2.6	0.835202	0.793289
2.7	0.835202	0.808054
2.8	0.835202	0.822819
2.9	0.835202	0.840268
3	0.835202	0.856376
3.1	0.835202	0.879195
3.2	0.835202	0.914094
3.3	0.835202	0.939597
3.4	0.835202	0.97047
3.5	0.835202	1.01074
3.6	0.835202	1.04832
3.7	0.835202	1.08322
3.8	0.835202	1.11544
3.9	0.835202	1.1557
4	0.835202	1.19732
# lena.jpg	[1,0;0.422793,1]
# unwarped points: 892	warped points: 695
# fraction found	fraction correct
0	0.779148	0
0.1	0.779148	0.18705
0.2	0.779148	0.388489
0.3	0.779148	0.492086
0.4	0.779148	0.54964
0.5	0.779148	0.579856
0.6	0.779148	0.615827
0.7	0.779148	0.630216
0.8	0.779148	0.65036
0.9	0.779148	0.660432
1	0.779148	0.661871
1.1	0.779148	0.669065
1.2	0.779148	0.682014
1.3	0.779148	0.690647
1.4	0.779148	0.697842
1.5	0.779148	0.703597
1.6	0.779148	0.706475
1.7	0.779148	0.707914
1.8	0.779148	0.710791
1.9	0.779148	0.713669
2	0.779148	0.717986
2.1	0.779148	0.72518
2.2	0.779148	0.732374
2.3	0.779148	0.738129
2.4	0.779148	0.74964
2.5	0.779148	0.759712
2.6	0.779148	0.776978
2.7	0.779148	0.791367
2.8	0.779148	0.807194
2.9	0.779148	0.821583
3	0.779148	0.838849
3.1	0.779148	0.87482
3.2	0.779148	0.897842
3.3	0.779148	0.917986
3.4	0.779148	0.946763
3.5	0.779148	0.969784
3.6	0.779148	1.00863
3.7	0.779148	1.04317
3.8	0.779148	1.09065
3.9	0.779148	1.12662
4	0.779148	1.15683
# lena.jpg	[1,0;0.546302,1]
# unwarped points: 892	warped points: 621
# fraction found	fraction correct
0	0.696188	0
0.1	0.696188	0.114332
0.2	0.696188	0.320451
0.3	0.696188	0.434783
0.4	0.696188	0.495974
0.5	0.696188	0.531401
0.6	0.696188	0.558776
0.7	0.696188	0.587762
0.8	0.696188	0.602254
0.9	0.696188	0.616747
1	0.696188	0.624799
1.1	0.696188	0.63285
1.2	0.696188	0.637681
1.3	0.696188	0.644122
1.4	0.696188	0.653784
1.5	0.696188	0.660225
1.6	0.696188	0.665056
1.7	0.696188	0.668277
1.8	0.696188	0.676329
1.9	0.696188	0.677939
2	0.696188	0.68277
2.1	0.696188	0.692432
2.2	0.696188	0.695652
2.3	0.696188	0.702093
2.4	0.696188	0.716586
2.5	0.696188	0.732689
2.6	0.696188	0.743961
2.7	0.696188	0.764895
2.8	0.696188	0.772947
2.9	0.696188	0.785829
3	0.696188	0.800322
3.1	0.696188	0.834138
3.2	0.696188	0.861514
3.3	0.696188	0.888889
3.4	0.696188	0.914654
3.5	0.696188	0.937198
3.6	0.696188	0.971014
3.7	0.696188	0.996779
3.8	0.696188	1.02899
3.9	0.696188	1.07085
4	0.696188	1.12399
# lena.jpg	[1,0;0.842288,1]
# unwarped points: 892	warped points: 482
# fraction found	fraction correct
0	0.540359	0
0.1	0.540359	0.0580913
0.2	0.540359	0.19917
0.3	0.540359	0.311203
0.4	0.540359	0.363071
0.5	0.540359	0.417012
0.6	0.540359	0.448133
0.7	0.540359	0.46473
0.8	0.540359	0.489627
0.9	0.540359	0.508299
1	0.540359	0.526971
1.1	0.540359	0.545643
1.2	0.540359	0.560166
1.3	0.540359	0.56639
1.4	0.540359	0.570539
1.5	0.540359	0.572614
1.6	0.540359	0.587137
1.7	0.540359	0.593361
1.8	0.540359	0.60166
1.9	0.540359	0.616183
2	0.540359	0.626556
2.1	0.540359	0.628631
2.2	0.540359	0.63278
2.3	0.540359	0.645228
2.4	0.540359	0.653527
2.5	0.540359	0.672199
2.6	0.540359	0.682573
2.7	0.540359	0.692946
2.8	0.540359	0.70332
2.9	0.540359	0.719917
3	0.540359	0.726141
3.1	0.540359	0.748963
3.2	0.540359	0.767635
3.3	0.540359	0.794606
3.4	0.540359	0.823651
3.5	0.540359	0.844398
3.6	0.540359	0.879668
3.7	0.540359	0.919087
3.8	0.540359	0.946058
3.9	0.540359	0.975104
4	0.540359	1.01245
# lena.jpg	[1,0;1.55741,1]
# unwarped points: 892	warped points: 210
# fraction found	fraction correct
0	0.235426	0
0.1	0.235426	0.0190476
0.2	0.235426	0.0571429
0.3	0.235426	0.12381
0.4	0.235426	0.204762
0.5	0.235426	0.257143
0.6	0.235426	0.271429
0.7	0.235426	0.285714
0.8	0.235426	0.319048
0.9	0.235426	0.342857
1	0.235426	0.361905
1.1	0.235426	0.366667
1.2	0.235426	0.385714
1.3	0.235426	0.395238
1.4	0.235426	0.419048
1.5	0.235426	0.419048
1.6	0.235426	0.442857
1.7	0.235426	0.447619
1.8	0.235426	0.471429
1.9	0.235426	0.490476
2	0.235426	0.504762
2.1	0.235426	0.504762
2.2	0.235426	0.52381
2.3	0.235426	0.547619
2.4	0.235426	0.566667
2.5	0.235426	0.585714
2.6	0.235426	0.604762
2.7	0.235426	0.614286
2.8	0.235426	0.633333
2.9	0.235426	0.647619
3	0.235426	0.652381
3.1	0.235426	0.671429
3.2	0.235426	0.685714
3.3	0.235426	0.690476
3.4	0.235426	0.704762
3.5	0.235426	0.728571
3.6	0.235426	0.752381
3.7	0.235426	0.771429
3.8	0.235426	0.8
3.9	0.235426	0.809524
4	0.235426	0.833333
