0.00959209 0.0029051
0.0095745 0.00290301
0.00951728 0.00307074
0.00957844 0.00310808
0.00959 0.0031223
0.0095515 0.00311393
0.00946814 0.00322866
0.00955462 0.00328454
0.00959265 0.00331625
0.00958163 0.00332391
0.00952092 0.00330776
0.00952402 0.00343478
0.00958633 0.00348452
0.00960031 0.00350887
0.00956547 0.00350836
0.00948206 0.0034835
0.00948977 0.00356099
0.00957376 0.00362822
0.00961068 0.0036695
0.0095998 0.00368521
0.00954062 0.00367549
0.00943381 0.00364077
0.00945416 0.00366586
0.00955701 0.00374985
0.00961503 0.00380799
0.00962639 0.00383982
0.00959009 0.00384539
0.0095059 0.00382501
0.00937533 0.00377953
0.00941893 0.00375304
0.00953814 0.00385281
0.00961515 0.00392678
0.00964686 0.00397423
0.00963196 0.00399503
0.0095697 0.0039891
0.00946042 0.00395718
0.00930595 0.00390029
0.00938463 0.00382578
0.00951871 0.0039399
0.00961211 0.0040285
0.0096626 0.00409073
0.00966766 0.00412622
0.00962603 0.00413454
0.00953779 0.00411645
0.00940353 0.00407219
0.00922492 0.00400275
0.00935152 0.00388637
0.00949875 0.004013
0.00960732 0.00411478
0.00967434 0.00419092
0.00969809 0.00424021
0.00967598 0.00426239
0.00960794 0.00425774
0.00949353 0.00422621
0.00933409 0.00416887
0.009132 0.00408682
0.00931877 0.00393656
0.00947815 0.0040741
0.00960052 0.00418761
0.00968346 0.00427625
0.00972363 0.00433829
0.00972027 0.0043737
0.00967133 0.00438181
0.00957641 0.00436282
0.00943619 0.00431752
0.00925204 0.00424668
0.00928536 0.003979
0.00945631 0.00412551
0.00959167 0.00424913
0.00968915 0.00434873
0.00974551 0.00442246
0.00975904 0.00446984
0.00972837 0.00449014
0.00965235 0.00448334
0.00953111 0.0044497
0.00936535 0.00439012
0.00915697 0.0043053
0.00925058 0.00401506
0.00943187 0.00416884
0.00957993 0.00430131
0.00969127 0.00441054
0.00976288 0.0044947
0.00979289 0.00455314
0.00977933 0.00458473
0.00972158 0.00458932
0.0096187 0.00456709
0.00947154 0.00451848
0.00928053 0.00444406
0.00904885 0.00434548
0.00921196 0.00404626
0.00940436 0.00420624
0.00956434 0.00434613
0.00968915 0.00446364
0.00977543 0.00455713
0.00982133 0.00462544
0.00982448 0.00466743
0.00978392 0.00468278
0.00969934 0.00467131
0.00957009 0.00463313
0.00939712 0.00456911
0.00918195 0.00448012
0.00916785 0.0040727
0.00937194 0.00423825
0.00954425 0.00438443
0.00968185 0.00450897
0.00978264 0.00461063
0.00984374 0.00468791
0.00986332 0.0047397
0.00983983 0.00476497
0.00977245 0.00476375
0.00966117 0.00473577
0.00950608 0.00468174
0.00930813 0.00460228
0.00906944 0.00449863
0.0093334 0.00426385
0.00951812 0.00441515
0.0096688 0.00454661
0.00978351 0.0046559
0.00985992 0.00474128
0.00989553 0.00480175
0.00988859 0.00483653
0.00983861 0.00484511
0.00974447 0.00482681
0.00960714 0.00478259
0.00942662 0.00471258
0.00920448 0.0046179
0.00894302 0.00449988
0.00928673 0.00428092
0.00948471 0.00443792
0.00964957 0.00457567
0.00977808 0.00469157
0.00986889 0.0047847
0.00992039 0.00485393
0.00993031 0.00489748
0.00989717 0.00491515
0.00982031 0.00490651
0.00970024 0.00487188
0.00953713 0.00481117
0.00933194 0.00472549
0.00908646 0.00461602
0.00923151 0.00428841
0.00944373 0.00445056
0.00962245 0.00459394
0.00976548 0.00471693
0.00987121 0.00481772
0.00993812 0.00489491
0.00996393 0.00494719
0.00994799 0.00497422
0.00988853 0.00497481
0.00978568 0.00494936
0.00963953 0.00489792
0.00945145 0.00482145
0.00922248 0.00472048
0.00895461 0.00459665
0.0091677 0.00428382
0.00939366 0.00445104
0.00958711 0.00460064
0.00974545 0.00473055
0.00986627 0.00483882
0.0099484 0.00492415
0.00999039 0.00498512
0.00999096 0.0050208
0.00994858 0.00503069
0.00986308 0.00501481
0.00973424 0.00497282
0.00956306 0.00490555
0.00935048 0.0048134
0.00909865 0.00469786
0.00909558 0.00426555
0.00933492 0.00443825
0.00954327 0.004594
0.00971702 0.00473094
0.00985372 0.00484714
0.00995159 0.00494066
0.0100094 0.0050104
0.0100261 0.00505528
0.0100009 0.0050745
0.0099327 0.00506809
0.00982109 0.00503561
0.00966698 0.00497764
0.00947091 0.00489452
0.00923494 0.00478768
0.00896105 0.00465831
0.00926828 0.0044103
0.00949067 0.00457269
0.00968021 0.00471717
0.00983322 0.00484145
0.00994724 0.0049437
0.0100213 0.00502262
0.0100543 0.00507677
0.0100453 0.00510567
0.00999445 0.0051091
0.00990021 0.00508633
0.00976312 0.0050379
0.00958386 0.00496435
0.00936407 0.00486648
0.00910556 0.00474554
0.00919387 0.00436622
0.00943068 0.00453588
0.00963515 0.00468796
0.00980449 0.00482088
0.00993547 0.00493217
0.0100262 0.00502044
0.0100755 0.00508454
0.0100832 0.00512376
0.0100487 0.00513721
0.00997168 0.00512463
0.00985178 0.00508627
0.00968957 0.00502259
0.00948599 0.00493401
0.00924313 0.00482208
0.00896284 0.0046877
0.00911206 0.00430369
0.00936353 0.00448114
0.00958276 0.00464171
0.00976807 0.00478354
0.00991577 0.00490442
0.0100237 0.00500286
0.0100903 0.00507754
0.0101147 0.00512737
0.0100966 0.0051513
0.0100361 0.00514942
0.00993332 0.00512177
0.0097881 0.00506824
0.009601 0.00498977
0.00937405 0.00488722
0.00910875 0.00476182
0.0092895 0.00440648
0.00952411 0.00457624
0.00972459 0.00472733
0.00988895 0.00485837
0.0100142 0.00496733
0.0100984 0.0050531
0.0101401 0.00511408
0.0101386 0.00514942
0.0100947 0.00515899
0.0100085 0.00514227
0.0098798 0.00509968
0.00970963 0.00503194
0.00949845 0.00493944
0.00924864 0.0048238
0.00896209 0.00468591
0.00920931 0.00431061
0.00945926 0.00448978
0.0096752 0.00465104
0.00985563 0.00479269
0.0099979 0.00491273
0.0101 0.00500995
0.0101594 0.00508276
0.0101754 0.00513011
0.0101482 0.0051516
0.010078 0.00514674
0.0099659 0.00511593
0.00981206 0.00505939
0.00961712 0.00497779
0.00938281 0.00487229
0.00911075 0.00474402
0.00912252 0.00419354
0.00938848 0.00438255
0.00962052 0.00455436
0.00981686 0.00470686
0.00997567 0.0048385
0.0100951 0.00494769
0.0101728 0.00503281
0.0102068 0.00509274
0.0101969 0.00512689
0.0101433 0.00513467
0.0100472 0.00511619
0.00990936 0.00507164
0.00973046 0.00500157
0.00951162 0.00490698
0.00925454 0.00478917
0.00896144 0.00464949
0.00931153 0.00425503
0.00956029 0.00443771
0.00977302 0.00460166
0.00994849 0.00474524
0.0100849 0.00486633
0.0101802 0.00496408
0.0102327 0.00503722
0.0102409 0.0050846
0.0102047 0.00510558
0.0101249 0.0051001
0.0100026 0.00506809
0.0098393 0.00501049
0.00963587 0.00492772
0.00939381 0.00482115
0.00911486 0.0046919
0.00922871 0.00410789
0.00949422 0.00430131
0.00972423 0.00447685
0.0099166 0.00463256
0.0100696 0.0047662
0.0101826 0.00487727
0.0102534 0.00496361
0.0102801 0.00502455
0.0102619 0.00505933
0.0101992 0.00506756
0.0100929 0.00504893
0.00994503 0.00500432
0.00975654 0.00493404
0.00952929 0.00483936
0.00926456 0.00472134
0.00896472 0.00458148
0.00942212 0.00414568
0.00966975 0.0043329
0.00987995 0.00450078
0.0100502 0.00464767
0.0101807 0.00477186
0.010269 0.00487176
0.0103143 0.00494674
0.0103149 0.00499561
0.0102701 0.00501797
0.0101806 0.00501347
0.0100482 0.0049825
0.00987476 0.00492558
0.00966185 0.00484341
0.00941128 0.00473735
0.0091247 0.00460878
0.00934532 0.00397059
0.00960934 0.00416946
0.00983763 0.00434968
0.0100268 0.00450969
0.0101744 0.0046472
0.0102805 0.00476143
0.0103439 0.00485048
0.0103632 0.00491402
0.0103372 0.00495094
0.0102656 0.00496113
0.0101496 0.00494453
0.00999132 0.00490156
0.0097926 0.00483277
0.00955579 0.00473952
0.00928271 0.00462317
0.00897557 0.00448504
0.00926453 0.00377589
0.00954419 0.00398576
0.00978956 0.00417811
0.00999764 0.00435114
0.0101644 0.00450242
0.0102887 0.00463074
0.0103696 0.00473443
0.0104075 0.00481296
0.0104001 0.00486493
0.0103474 0.0048905
0.010249 0.00488892
0.0101067 0.00486082
0.00992253 0.00480637
0.00969934 0.00472677
0.00943944 0.00462323
0.00914457 0.00449717
0.0094744 0.00376964
0.00973654 0.00397408
0.00996259 0.00416002
0.0101489 0.00432533
0.0102927 0.00446838
0.0103923 0.00458738
0.0104481 0.00468144
0.0104595 0.00474942
0.0104257 0.00479111
0.0103458 0.00480574
0.0102209 0.0047937
0.0100522 0.00475496
0.00984293 0.0046905
0.00959581 0.00460142
0.00931337 0.00448918
0.00940004 0.00353777
0.00967884 0.00375307
0.00992247 0.00395104
0.0101279 0.00412947
0.010292 0.00428647
0.0104117 0.00442043
0.0104864 0.00453001
0.0105161 0.00461394
0.0105011 0.00467181
0.0104403 0.00470299
0.0103338 0.00470731
0.0101822 0.0046849
0.00998774 0.00463617
0.00975385 0.00456238
0.00948358 0.00446448
0.00917932 0.00434399
0.00961533 0.00351736
0.00987682 0.00372595
0.0101009 0.00391626
0.0102849 0.00408641
0.0104259 0.00423449
0.0105213 0.00435883
0.0105703 0.00445852
0.010574 0.00453219
0.0105323 0.00457957
0.0104446 0.00460023
0.0103114 0.00459421
0.0101334 0.0045619
0.00991395 0.00450388
0.00965595 0.00442129
0.00936309 0.00431538
0.00954384 0.00326994
0.00982392 0.00348753
0.0100671 0.00368816
0.010271 0.00386971
0.010433 0.00403067
0.0105503 0.00416899
0.010621 0.00428316
0.010644 0.00437212
0.0106214 0.00443548
0.010553 0.0044722
0.0104386 0.0044826
0.0102791 0.00446677
0.0100754 0.00442496
0.00983137 0.00435817
0.00955003 0.00426739
0.00923556 0.00415424
0.00976142 0.00323847
0.0100245 0.00344738
0.0102487 0.00363877
0.010432 0.00381097
0.0105713 0.00396147
0.0106644 0.00408915
0.0107099 0.00419286
0.0107073 0.00427109
0.0106581 0.00432348
0.0105634 0.00434992
0.0104228 0.00435027
0.0102373 0.00432462
0.0100086 0.00427389
0.00974059 0.00419888
0.00943688 0.00410083
0.00968608 0.00298175
0.00997034 0.00319695
0.0102159 0.00339618
0.0104209 0.00357753
0.0105825 0.00373858
0.010699 0.0038783
0.0107681 0.00399506
0.0107881 0.00408739
0.0107597 0.00415465
0.0106845 0.00419635
0.0105637 0.00421235
0.0103971 0.00420251
0.0101866 0.00416794
0.00993362 0.00410858
0.00964254 0.00402585
0.0093174 0.00392121
0.00990129 0.00293925
0.0101696 0.00314406
0.0103973 0.00333232
0.0105819 0.00350225
0.0107222 0.00365227
0.0108157 0.00378045
0.0108605 0.00388542
0.0108554 0.00396627
0.0108014 0.00402233
0.0107005 0.00405321
0.0105539 0.00405887
0.0103626 0.00403973
0.0101272 0.00399613
0.00985089 0.00392908
0.00953791 0.0038397
0.00981522 0.0026769
0.0101061 0.00288489
0.0103578 0.00307819
0.0105672 0.00325474
0.010732 0.00341278
0.0108504 0.00355044
0.0109207 0.00366649
0.0109413 0.00375953
0.0109115 0.00382885
0.0108323 0.00387365
0.0107062 0.00389391
0.0105348 0.00388956
0.010319 0.00386119
0.0100601 0.00380939
0.00976151 0.00373507
0.00942746 0.00363958
0.0097101 0.00241229
0.0100232 0.00262129
0.0102994 0.00281706
0.0105344 0.00299776
0.0107253 0.00316167
0.0108696 0.00330678
0.0109664 0.00343195
0.0110137 0.00353542
0.0110106 0.00361639
0.0109563 0.00367376
0.0108526 0.0037075
0.0107018 0.00371712
0.0105064 0.00370336
0.0102672 0.0036664
0.0099858 0.00360692
0.00966603 0.00352612
0.00991911 0.00235495
0.010219 0.00255099
0.0104801 0.00273335
0.0106983 0.00290084
0.0108704 0.00305104
0.0109948 0.00318316
0.0110699 0.00329509
0.0110947 0.00338581
0.011068 0.00345451
0.01099 0.00350028
0.0108622 0.00352302
0.0106881 0.00352278
0.0104694 0.00349975
0.0102077 0.00345472
0.00990501 0.0033884
0.0095652 0.00330201
0.00979218 0.00208867
0.0101151 0.00228211
0.0104013 0.00246394
0.0106476 0.0026325
0.0108485 0.00278553
0.0110025 0.00292215
0.0111067 0.00304022
0.0111606 0.00313884
0.0111634 0.00321689
0.0111138 0.00327322
0.0110127 0.0033077
0.010862 0.00331971
0.010665 0.00330985
0.0104244 0.0032784
0.0101414 0.00322598
0.00981861 0.00315365
0.00998563 0.00201291
0.010297 0.00219142
0.0105699 0.00235829
0.0108006 0.00251177
0.0109851 0.00265032
0.0111206 0.00277233
0.0112053 0.00287643
0.0112387 0.0029617
0.0112197 0.00302669
0.0111483 0.00307113
0.0110247 0.00309432
0.0108521 0.0030964
0.0106336 0.00307751
0.010372 0.00303829
0.010069 0.00297934
0.00972745 0.00290191
0.0101641 0.00191745
0.0104638 0.0020802
0.0107234 0.00223154
0.0109392 0.00236937
0.0111071 0.00249258
0.0112247 0.00259987
0.0112906 0.00268999
0.0113037 0.00276142
0.0112642 0.00281394
0.0111715 0.00284657
0.0110268 0.00285906
0.0108332 0.00285155
0.0105944 0.00282431
0.010313 0.00277805
0.00999162 0.00271362
0.0100008 0.00164399
0.0103269 0.00179997
0.0106152 0.00194609
0.0108612 0.00208059
0.0110624 0.00220287
0.0112144 0.00231051
0.0113148 0.0024026
0.011362 0.00247818
0.0113562 0.00253654
0.0112968 0.00257641
0.0111839 0.00259754
0.0110193 0.00259978
0.010806 0.00258327
0.0105481 0.00254855
0.0102486 0.00249615
0.00990996 0.00242716
0.0101568 0.00151879
0.010473 0.00165707
0.0107497 0.00178614
0.0109835 0.00190398
0.01117 0.00200927
0.0113065 0.002101
0.0113904 0.00217819
0.0114204 0.00223958
0.0113961 0.00228432
0.0113179 0.00231203
0.0111862 0.00232205
0.0110028 0.00231481
0.0107712 0.0022901
0.0104957 0.00224847
0.0101796 0.00219083
0.00982517 0.00211802
0.00995171 0.0012396
0.0102951 0.00136757
0.0106021 0.00148797
0.0108675 0.00159872
0.0110888 0.00169921
0.0112617 0.00178763
0.0113837 0.0018633
0.0114518 0.00192505
0.0114651 0.00197196
0.0114238 0.00200367
0.011328 0.00201946
0.0111789 0.0020192
0.0109781 0.00200254
0.0107296 0.00197017
0.0104381 0.00192276
0.0101068 0.0018608
0.0100797 0.00108057
0.0104155 0.00118926
0.0107128 0.00129032
0.010968 0.00138274
0.0111772 0.00146502
0.0113374 0.00153634
0.0114454 0.00159562
0.0114987 0.00164187
0.0114968 0.00167465
0.0114396 0.00169346
0.0113277 0.00169742
0.0111623 0.00168699
0.0109457 0.00166187
0.0106822 0.00162268
0.0103761 0.00156978
0.0100314 0.00150439
0.0101884 0.00089395
0.0105166 0.000982404
0.0108052 0.00106376
0.0110503 0.00113699
0.0112485 0.00120077
0.0113967 0.00125435
0.0114917 0.00129679
0.0115314 0.00132746
0.0115156 0.00134605
0.0114436 0.00135162
0.0113173 0.00134459
0.0111372 0.00132424
0.0109065 0.0012911
0.0106293 0.0012455
0.0103107 0.00118834
0.00995418 0.00112021
0.0102768 0.000678331
0.0105979 0.000745833
0.0108785 0.000806689
0.0111141 0.000859886
0.0113021 0.000904739
0.0114391 0.000940025
0.0115224 0.000965476
0.01155 0.000980556
0.0115212 0.00098455
0.0114365 0.000977427
0.0112969 0.000958949
0.011104 0.000929147
0.0108609 0.000888407
0.0105721 0.000837088
0.0102426 0.000775874
0.00999346 0.000381887
0.0103443 0.00043264
0.0106588 0.000478268
0.0109317 0.000517756
0.0111589 0.000550419
0.0113374 0.000575453
0.0114646 0.000592321
0.0115374 0.000600427
0.011554 0.000599384
0.0115141 0.000588924
0.011418 0.000569046
0.0112671 0.000539482
0.0110633 0.00050047
0.0108096 0.000452399
0.0105109 0.000395745
0.0101725 0.000331432
0.0100442 0.00012815
0.01039 0.000155896
0.0106983 0.000178903
0.0109643 0.000196457
0.0111839 0.000207931
0.0113543 0.000212878
0.0114727 0.000210673
0.0115364 0.000201046
0.0115436 0.000183791
0.0114942 0.000158876
0.0113885 0.000126064
0.0112281 8.56221e-05
0.0110152 3.76999e-05
0.010753 -1.74046e-05
0.0104466 -7.87675e-05
0.0101012 -0.000145942
0.010072 -0.000155926
0.010413 -0.000152081
0.0107158 -0.000152439
0.0109758 -0.000157505
0.0111889 -0.000167608
0.0113521 -0.000183463
0.011463 -0.000204831
0.0115191 -0.000232458
0.0115187 -0.000265956
0.0114614 -0.000305682
0.011348 -0.000351191
0.0111802 -0.00040251
0.0109601 -0.000459313
0.0106916 -0.000520945
0.0103794 -0.000587076
0.0100292 -0.000656486
0.0100758 -0.00047034
0.0104126 -0.000491083
0.0107107 -0.000515312
0.0109657 -0.000543356
0.011173 -0.00057584
0.0113307 -0.000612497
0.0114354 -0.000653833
0.0114856 -0.00069958
0.0114789 -0.000749737
0.0114159 -0.000804096
0.0112967 -0.000862539
0.0111234 -0.000924706
0.0108985 -0.000990093
0.0106255 -0.00105834
0.01031 -0.0011287
0.00995702 -0.00120026
0.0100551 -0.000814676
0.0103884 -0.000860333
0.0106827 -0.00090909
0.0109332 -0.000960857
0.0111364 -0.00101578
0.0112894 -0.00107402
0.0113897 -0.00113523
0.0114355 -0.00119933
0.0114246 -0.00126648
0.0113575 -0.00133586
0.0112346 -0.00140721
0.011058 -0.0014801
0.0108302 -0.00155425
0.0105551 -0.00162899
0.0102385 -0.00170326
0.00988513 -0.00177664
0.0100094 -0.00118768
0.0103396 -0.00125879
0.0106309 -0.00133255
0.0108783 -0.00140828
0.0110781 -0.00148618
0.0112281 -0.00156602
0.0113256 -0.00164774
0.0113683 -0.00173074
0.0113552 -0.00181472
0.0112861 -0.00189894
0.0111617 -0.00198349
0.0109838 -0.00206748
0.0107555 -0.00215045
0.0104809 -0.00223136
0.0101651 -0.00231007
0.00981349 -0.0023852
0.0099383 -0.00158685
0.0102659 -0.00168407
0.0105552 -0.00178269
0.0108004 -0.00188309
0.0109983 -0.0019843
0.0111464 -0.00208619
0.0112426 -0.00218847
0.0112844 -0.00229046
0.011271 -0.00239167
0.0112016 -0.00249156
0.0110777 -0.00258943
0.0109009 -0.00268453
0.0106746 -0.00277624
0.0104021 -0.00286406
0.01009 -0.00294694
0.00974238 -0.00302428
0.00984108 -0.00200939
0.0101672 -0.00213277
0.0104548 -0.00225705
0.0106992 -0.00238198
0.0108964 -0.002507
0.0110441 -0.00263131
0.0111406 -0.00275433
0.0111831 -0.00287578
0.0111711 -0.00299451
0.0111037 -0.00311008
0.0109826 -0.00322142
0.0108092 -0.00332803
0.0105867 -0.00342909
0.0103193 -0.00352377
0.0100126 -0.00361133
0.00967166 -0.0036909
0.00930011 -0.00376177
0.0097177 -0.00245136
0.010043 -0.00260127
0.0103299 -0.00275135
0.0105742 -0.00290087
0.0107721 -0.00304952
0.0109211 -0.00319654
0.0110191 -0.00334084
0.0110644 -0.00348175
0.0110555 -0.00361842
0.0109923 -0.00375003
0.010876 -0.00387543
0.0107081 -0.00399393
0.0104921 -0.00410476
0.0102317 -0.00420696
0.00993305 -0.00429952
0.00960079 -0.00438181
0.0092386 -0.00445318
0.0095678 -0.00290853
0.00989288 -0.00308472
0.0101804 -0.00326055
0.0104255 -0.00343534
0.0106251 -0.0036079
0.0107768 -0.00377738
0.0108782 -0.0039432
0.0109277 -0.00410411
0.0109239 -0.00425899
0.0108669 -0.00440684
0.0107575 -0.00454652
0.0105973 -0.00467753
0.0103899 -0.00479847
0.0101391 -0.00490859
0.00985077 -0.00500697
0.00952941 -0.00509283
0.00917882 -0.00516534
0.00880221 -0.0052242
0.00971705 -0.00357842
0.0100056 -0.00377995
0.010253 -0.00397944
0.0104556 -0.00417602
0.010611 -0.00436872
0.0107173 -0.00455597
0.0107729 -0.00473669
0.010776 -0.00491011
0.0107273 -0.00507483
0.0106265 -0.00522959
0.0104763 -0.00537321
0.0102797 -0.00550497
0.0100408 -0.00562367
0.00976491 -0.00572848
0.0094569 -0.00581861
0.00911996 -0.00589332
0.00875753 -0.00595209
0.00837344 -0.00599453
0.00951552 -0.0040769
0.00980607 -0.00430387
0.0100564 -0.00452825
0.0102629 -0.00474873
0.0104237 -0.00496382
0.0105366 -0.00517273
0.0105994 -0.00537401
0.0106113 -0.00556603
0.0105725 -0.0057475
0.0104828 -0.00591776
0.0103446 -0.00607485
0.010161 -0.00621796
0.00993595 -0.00634626
0.00967479 -0.00645834
0.00938219 -0.00655368
0.00906119 -0.00663152
0.00871509 -0.0066914
0.00834763 -0.00673282
0.00796402 -0.00675574
0.00756931 -0.00676
0.00928855 -0.0045737
0.00958169 -0.00482583
0.0098359 -0.00507444
0.0100478 -0.00531861
0.0102148 -0.00555655
0.0103353 -0.00578707
0.0104074 -0.00600851
0.0104299 -0.00621957
0.0104022 -0.00641876
0.0103258 -0.00660443
0.0102015 -0.00677565
0.0100327 -0.00693098
0.00982386 -0.00706944
0.00957945 -0.00718999
0.00930434 -0.00729162
0.00900131 -0.00737384
0.00867367 -0.00743601
0.00832471 -0.00747806
0.00795975 -0.00749955
0.00758353 -0.0075005
0.00720072 -0.00748113
0.00681534 -0.007442
0.00903642 -0.00506222
0.00933307 -0.00533849
0.00959173 -0.00561154
0.00980988 -0.00587884
0.00998431 -0.00613937
0.0101139 -0.00639135
0.0101964 -0.00663331
0.0102307 -0.0068633
0.0102166 -0.0070802
0.0101545 -0.00728226
0.0100461 -0.00746819
0.00989428 -0.00763652
0.00970331 -0.0077861
0.00947782 -0.00791594
0.00922212 -0.00802526
0.00893915 -0.00811303
0.00863162 -0.00817919
0.00830323 -0.00822318
0.0079588 -0.00824484
0.0076029 -0.00824443
0.00723985 -0.00822198
0.00687391 -0.00817794
0.00650904 -0.00811303
0.00614786 -0.00802797
0.00876015 -0.00553554
0.00906003 -0.00583607
0.00932443 -0.00613201
0.00954935 -0.00642222
0.00973234 -0.00670493
0.00987193 -0.00697821
0.00996637 -0.00724024
0.0100138 -0.00748974
0.0100145 -0.00772458
0.00996861 -0.00794336
0.0098778 -0.00814435
0.0097447 -0.00832641
0.00957346 -0.00848821
0.00936851 -0.0086287
0.00913435 -0.00874656
0.00887299 -0.00884172
0.00858763 -0.00891328
0.00828156 -0.00896114
0.00795922 -0.00898507
0.00762534 -0.00898513
0.0072839 -0.00896153
0.00693882 -0.00891486
0.00659409 -0.00884584
0.00625235 -0.00875512
0.00591642 -0.00864375
0.00558755 -0.00851285
0.00845963 -0.00598764
0.00876409 -0.00631082
0.00903422 -0.00662959
0.00926664 -0.00694185
0.00945905 -0.00724581
0.00960991 -0.0075399
0.00971687 -0.00782213
0.00977892 -0.00809062
0.00979573 -0.00834355
0.00976762 -0.00857919
0.00969574 -0.00879622
0.00958291 -0.00899276
0.00943297 -0.00916755
0.00925064 -0.00931948
0.00903919 -0.00944778
0.00880143 -0.00955164
0.00853977 -0.00963041
0.00825763 -0.00968382
0.00795916 -0.00971201
0.00764894 -0.00971451
0.00733057 -0.00969213
0.00700784 -0.00964543
0.00668481 -0.00957456
0.00636372 -0.00948104
0.00604731 -0.0093652
0.0057371 -0.00922862
0.00543401 -0.00907242
0.00514004 -0.00889793
0.00813645 -0.00641233
0.00844532 -0.00675714
0.00872195 -0.00709683
0.00896269 -0.00743032
0.00916496 -0.00775528
0.00932768 -0.00806949
0.00944838 -0.00837126
0.00952598 -0.00865844
0.00956008 -0.00892961
0.0095506 -0.00918263
0.00949919 -0.00941548
0.00940812 -0.00962716
0.00928104 -0.00981602
0.00912234 -0.00998074
0.00893533 -0.0101205
0.00872266 -0.0102344
0.00848636 -0.0103219
0.00822943 -0.0103832
0.00795665 -0.0104174
0.00767133 -0.010425
0.00737727 -0.0104063
0.00707871 -0.0103616
0.00677833 -0.010292
0.00647956 -0.0101979
0.00618389 -0.0100805
0.00589329 -0.00994119
0.0056085 -0.00978121
0.00533167 -0.00960141
0.00506461 -0.00940397
0.00480923 -0.00918967
0.00456667 -0.00896034
0.00779164 -0.00680351
0.00810564 -0.00716817
0.00838846 -0.00752848
0.00863773 -0.00788164
0.00885075 -0.00822586
0.0090259 -0.00855947
0.0091612 -0.00888029
0.00925481 -0.00918624
0.00930706 -0.00947502
0.00931776 -0.00974503
0.00928751 -0.00999463
0.00921926 -0.0102217
0.00911632 -0.0104252
0.0089826 -0.0106037
0.00882146 -0.0107561
0.0086351 -0.0108818
0.00842512 -0.0109803
0.00819522 -0.0110508
0.00794905 -0.0110935
0.00768998 -0.0111083
0.00742194 -0.0110957
0.00714839 -0.0110559
0.00687242 -0.01099
0.00659689 -0.0108985
0.00632325 -0.0107828
0.00605327 -0.0106437
0.0057883 -0.0104828
0.00552911 -0.0103014
0.00527892 -0.0101005
0.00503856 -0.00988233
0.00480941 -0.009648
0.00459155 -0.00939885
0.0043835 -0.00913686
0.00742698 -0.00715578
0.00774533 -0.00753886
0.0080353 -0.00791699
0.00829351 -0.00828874
0.00851715 -0.00865185
0.00870508 -0.00900376
0.00885525 -0.00934237
0.00896603 -0.00966606
0.00903705 -0.00997257
0.00906816 -0.0102597
0.00906041 -0.0105257
0.00901577 -0.010769
0.00893784 -0.0109879
0.00883016 -0.0111812
0.00869581 -0.0113474
0.00853655 -0.0114864
0.00835466 -0.0115969
0.00815254 -0.011679
0.00793424 -0.0117324
0.00770259 -0.0117569
0.00746173 -0.0117527
0.00721428 -0.0117208
0.00696391 -0.0116613
0.00671262 -0.0115756
0.00646231 -0.0114643
0.0062142 -0.0113287
0.00596967 -0.0111702
0.00573 -0.0109902
0.0054971 -0.0107898
0.0052729 -0.0105706
0.00505856 -0.0103343
0.00485355 -0.0100825
0.004657 -0.0098165
0.00446859 -0.00953802
0.00428826 -0.00924838
0.0070439 -0.00746346
0.00736719 -0.00786334
0.00766355 -0.0082584
0.0079304 -0.00864679
0.00816524 -0.00902641
0.00836647 -0.00939554
0.00853157 -0.00975144
0.00865951 -0.0100921
0.00874993 -0.0104153
0.00880218 -0.0107194
0.00881705 -0.0110022
0.0087969 -0.0112616
0.00874454 -0.0114964
0.00866395 -0.011705
0.00855687 -0.0118867
0.00842604 -0.0120398
0.0082725 -0.0121647
0.0080992 -0.0122601
0.00790969 -0.0123259
0.00770679 -0.0123624
0.00749367 -0.0123695
0.00727373 -0.0123478
0.00704965 -0.0122981
0.00682393 -0.0122208
0.00659785 -0.0121174
0.00637272 -0.0119886
0.00614971 -0.011836
0.00593036 -0.0116606
0.00571629 -0.011464
0.00550923 -0.0112477
0.0053103 -0.011013
0.00511959 -0.0107616
0.00493547 -0.0104952
0.00475824 -0.0102148
0.00458744 -0.00992233
0.00442341 -0.00961933
0.00426561 -0.009307
0.00664401 -0.00772333
0.00697213 -0.00813669
0.00727516 -0.00854641
0.00755078 -0.00895005
0.00779611 -0.00934535
0.00801057 -0.0097295
0.00819087 -0.0101014
0.00833631 -0.0104582
0.00844586 -0.0107979
0.00851944 -0.0111181
0.00855765 -0.0114171
0.00856203 -0.011693
0.00853592 -0.011944
0.00848228 -0.0121689
0.00840375 -0.0123662
0.00830117 -0.0125355
0.00817707 -0.0126753
0.00803339 -0.0127859
0.00787324 -0.0128666
0.00769964 -0.0129172
0.00751537 -0.012938
0.00732347 -0.0129295
0.00712693 -0.0128919
0.00692734 -0.0128264
0.00672668 -0.0127337
0.00652531 -0.0126152
0.00632513 -0.0124716
0.00612691 -0.0123045
0.0059326 -0.0121153
0.00574392 -0.0119052
0.00556174 -0.0116758
0.00538599 -0.0114287
0.00521585 -0.011165
0.00505072 -0.0108867
0.00489044 -0.0105949
0.00473574 -0.0102912
0.00458589 -0.0099771
0.00444058 -0.00965399
0.00430036 -0.00932318
0.00623065 -0.00792962
0.00656241 -0.00835568
0.00687152 -0.00877792
0.00715548 -0.00919408
0.00741196 -0.00960284
0.00763863 -0.0100014
0.00783414 -0.0103875
0.00799662 -0.0107592
0.00812566 -0.0111138
0.00822043 -0.0114499
0.00828168 -0.0117647
0.00831106 -0.0120568
0.00831106 -0.0123242
0.00828493 -0.0125654
0.0082345 -0.0127796
0.00816131 -0.0129654
0.00806651 -0.0131222
0.00795272 -0.0132494
0.0078226 -0.0133464
0.00767881 -0.0134133
0.00752392 -0.01345
0.00736099 -0.013457
0.00719246 -0.0134348
0.00702003 -0.0133839
0.00684521 -0.0133054
0.00666896 -0.0132
0.00649214 -0.0130691
0.00631616 -0.012914
0.00614271 -0.0127355
0.00597328 -0.0125354
0.00580892 -0.0123149
0.00564963 -0.0120755
0.00549418 -0.0118187
0.00534254 -0.0115458
0.00519416 -0.0112583
0.00504979 -0.0109577
0.00490901 -0.0106453
0.00477138 -0.0103226
0.00463727 -0.00999078
0.00450629 -0.00965163
0.00437778 -0.0093061
0.00614017 -0.00851643
0.00645536 -0.00894839
0.00674671 -0.00937599
0.00701338 -0.00979584
0.00725251 -0.0102065
0.00746244 -0.0106055
0.00764203 -0.0109903
0.00778955 -0.0113593
0.00790566 -0.0117095
0.00798959 -0.0120398
0.00804371 -0.0123475
0.00806981 -0.0126314
0.00807071 -0.0128894
0.00804877 -0.0131206
0.00800443 -0.0133238
0.00793937 -0.0134983
0.00785565 -0.0136434
0.00775573 -0.0137586
0.00764212 -0.0138436
0.00751689 -0.0138984
0.00738326 -0.0139234
0.00724331 -0.0139188
0.00709859 -0.0138853
0.00695059 -0.0138238
0.00679982 -0.013735
0.00664729 -0.0136202
0.00649461 -0.0134803
0.00634283 -0.0133163
0.00619379 -0.0131298
0.00604832 -0.0129219
0.00590637 -0.0126943
0.00576714 -0.0124478
0.00563002 -0.0121844
0.0054948 -0.011905
0.00536218 -0.0116111
0.00523171 -0.0113043
0.00510317 -0.0109856
0.00497642 -0.0106566
0.00485182 -0.0103182
0.0047282 -0.00997269
0.0046052 -0.00962031
0.00448072 -0.00926274
0.00570822 -0.00861669
0.00602776 -0.00905699
0.00632685 -0.0094927
0.00660276 -0.00992161
0.00685352 -0.0103425
0.00707757 -0.0107523
0.00727302 -0.0111489
0.00743937 -0.0115304
0.00757533 -0.0118945
0.00768191 -0.0122389
0.00775987 -0.0125617
0.00781173 -0.0128614
0.00783959 -0.0131359
0.00784552 -0.0133844
0.00782993 -0.0136057
0.00779426 -0.0137987
0.0077405 -0.0139627
0.00767073 -0.0140974
0.00758725 -0.0142022
0.00749192 -0.014277
0.00738785 -0.0143221
0.00727677 -0.0143375
0.0071601 -0.0143241
0.0070394 -0.0142823
0.00691465 -0.0142131
0.00678721 -0.0141172
0.00665861 -0.0139958
0.0065293 -0.0138502
0.00640166 -0.0136806
0.00627598 -0.0134893
0.00615281 -0.0132768
0.00603062 -0.0130448
0.00590932 -0.0127945
0.00578874 -0.0125271
0.00566894 -0.0122441
0.00555047 -0.0119462
0.00543216 -0.0116356
0.00531477 -0.0113129
0.00519738 -0.0109799
0.00508058 -0.0106372
0.00496277 -0.0102866
0.00484237 -0.00992927
0.0047186 -0.0095661
0.00459084 -0.00919819
0.00526792 -0.00865668
0.00559205 -0.00910187
0.00589794 -0.0095433
0.00618184 -0.0099799
0.0064438 -0.010408
0.00668091 -0.0108268
0.00689155 -0.0112335
0.00707531 -0.011626
0.00723094 -0.0120021
0.00735909 -0.0123594
0.00746018 -0.0126968
0.00753725 -0.0130114
0.00759107 -0.0133025
0.00762415 -0.013568
0.00763693 -0.0138072
0.00763029 -0.0140193
0.00760585 -0.0142032
0.00756586 -0.0143583
0.00751245 -0.014484
0.00744689 -0.0145804
0.00737238 -0.0146472
0.00729018 -0.0146851
0.00720194 -0.014694
0.0071086 -0.0146745
0.00701049 -0.0146277
0.00690863 -0.014554
0.00680429 -0.0144544
0.00669882 -0.0143297
0.00659302 -0.014181
0.00648841 -0.0140095
0.00638482 -0.013816
0.00628093 -0.0136022
0.00617671 -0.0133688
0.00607178 -0.0131173
0.00596681 -0.0128487
0.00586107 -0.0125644
0.00575486 -0.0122654
0.00564781 -0.0119529
0.0055401 -0.0116283
0.00543112 -0.011293
0.00532013 -0.0109479
0.00520554 -0.0105942
0.00508651 -0.0102329
0.0049623 -0.00986534
0.00483254 -0.00949249
0.00469556 -0.00911564
0.00515062 -0.00908399
0.00546134 -0.00952882
0.0057537 -0.00996953
0.00602508 -0.0104036
0.00627416 -0.010829
0.00649905 -0.0112436
0.0066992 -0.011645
0.00687361 -0.0120317
0.00702173 -0.0124012
0.00714558 -0.0127511
0.00724614 -0.0130803
0.00732553 -0.0133867
0.00738496 -0.0136694
0.00742483 -0.0139265
0.00744644 -0.0141574
0.00745076 -0.0143618
0.00744012 -0.0145378
0.0074161 -0.0146855
0.00738001 -0.0148047
0.00733456 -0.014895
0.00728127 -0.0149565
0.00722137 -0.0149898
0.00715545 -0.0149951
0.00708416 -0.0149728
0.00700828 -0.0149238
0.00692898 -0.0148488
0.0068475 -0.0147483
0.00676453 -0.0146235
0.00668189 -0.014475
0.00659862 -0.0143044
0.00651428 -0.0141122
0.00642821 -0.0138996
0.00634044 -0.0136678
0.00625107 -0.0134178
0.00616005 -0.0131505
0.0060674 -0.012867
0.00597242 -0.012569
0.00587538 -0.012257
0.0057762 -0.0119326
0.00567389 -0.0115967
0.00556684 -0.0112505
0.00545406 -0.010895
0.00533515 -0.0105313
0.00520939 -0.0101604
0.0050756 -0.00978357
0.004933 -0.00940225
0.00478336 -0.00901729
0.00470579 -0.00900424
0.00502062 -0.0094502
0.0053196 -0.00989223
0.00559968 -0.0103297
0.00585955 -0.0107594
0.00609767 -0.0111797
0.00631255 -0.0115889
0.00650406 -0.0119839
0.00667185 -0.0123631
0.00681639 -0.0127249
0.00693977 -0.0130673
0.00704283 -0.0133886
0.00712782 -0.0136868
0.00719392 -0.0139618
0.00724208 -0.014212
0.00727475 -0.0144358
0.00729242 -0.0146334
0.00729692 -0.0148039
0.00728971 -0.0149464
0.00727305 -0.0150611
0.00724798 -0.0151481
0.00721601 -0.0152073
0.00717777 -0.0152389
0.00713322 -0.0152436
0.00708321 -0.0152217
0.00702953 -0.0151735
0.00697231 -0.0151002
0.00691301 -0.0150021
0.00685251 -0.0148802
0.00679076 -0.0147351
0.00672692 -0.014568
0.00666004 -0.0143797
0.00659046 -0.0141711
0.0065183 -0.0139432
0.00644356 -0.0136969
0.00636542 -0.0134333
0.00628442 -0.013153
0.00619972 -0.0128578
0.00611213 -0.0125482
0.0060201 -0.0122256
0.00592232 -0.0118909
0.0058178 -0.011545
0.00570604 -0.0111889
0.00558621 -0.0108237
0.00545692 -0.0104508
0.00531796 -0.0100711
0.00517002 -0.00968611
0.00501511 -0.00929743
0.00485417 -0.00890639
0.00457859 -0.00930816
0.00488216 -0.00974995
0.00516993 -0.0101879
0.00543922 -0.0106201
0.00568855 -0.0110438
0.00591749 -0.0114577
0.00612485 -0.0118594
0.00631005 -0.0122473
0.00647402 -0.0126193
0.00661844 -0.0129731
0.00674462 -0.0133074
0.00685287 -0.0136212
0.0069437 -0.0139127
0.00701827 -0.0141808
0.00707716 -0.014425
0.00712198 -0.0146439
0.00715435 -0.0148367
0.00717503 -0.0150036
0.00718603 -0.0151436
0.0071888 -0.0152569
0.00718448 -0.0153429
0.00717306 -0.0154026
0.00715506 -0.0154357
0.0071314 -0.0154425
0.00710285 -0.0154238
0.00707042 -0.0153796
0.00703496 -0.0153109
0.00699756 -0.0152179
0.00695789 -0.0151017
0.00691521 -0.0149628
0.0068686 -0.0148021
0.00681835 -0.0146202
0.00676459 -0.0144179
0.00670719 -0.0141963
0.00664568 -0.0139559
0.00657967 -0.0136977
0.00650927 -0.0134229
0.00643477 -0.0131321
0.00635484 -0.0128267
0.00626814 -0.0125073
0.00617394 -0.0121749
0.00607121 -0.0118304
0.00595915 -0.011475
0.00583661 -0.0111097
0.00570294 -0.0107356
0.0055587 -0.0103542
0.00540614 -0.00996691
0.0052461 -0.00957519
0.00507638 -0.00918087
0.00489202 -0.0087845
0.0041368 -0.0091064
0.00444424 -0.00954551
0.00473768 -0.00998116
0.00501549 -0.0104124
0.00527471 -0.0108378
0.00551575 -0.0112545
0.00573695 -0.0116609
0.00593811 -0.012055
0.0061202 -0.0124349
0.00628412 -0.0127988
0.00643086 -0.0131454
0.00656134 -0.0134726
0.0066756 -0.0137799
0.00677401 -0.0140656
0.00685829 -0.0143288
0.00692916 -0.0145688
0.00698751 -0.0147845
0.00703502 -0.0149751
0.00707275 -0.0151404
0.00710279 -0.0152801
0.00712478 -0.0153945
0.00713992 -0.0154828
0.00714824 -0.0155455
0.00715008 -0.0155832
0.00714707 -0.0155951
0.00713915 -0.0155825
0.00712794 -0.015545
0.00711375 -0.0154835
0.00709677 -0.0153985
0.00707594 -0.0152906
0.00705054 -0.0151602
0.00702065 -0.0150081
0.00698614 -0.014835
0.00694758 -0.0146412
0.00690386 -0.0144278
0.00685447 -0.0141953
0.00680009 -0.0139446
0.00674021 -0.0136767
0.00667417 -0.0133924
0.00660059 -0.0130924
0.00651839 -0.0127774
0.00642666 -0.0124487
0.00632447 -0.0121069
0.00621071 -0.011753
0.00608432 -0.0113886
0.00594598 -0.0110146
0.00579786 -0.0106322
0.00564042 -0.0102438
0.00547275 -0.00985005
0.00528905 -0.00945258
0.00508541 -0.00905216
0.00400859 -0.00928116
0.00430644 -0.00971293
0.00459009 -0.0101417
0.00485802 -0.0105655
0.00510931 -0.0109828
0.00534284 -0.0113915
0.00555825 -0.0117901
0.00575626 -0.012176
0.00593752 -0.0125481
0.00610369 -0.0129046
0.00625402 -0.0132444
0.00638998 -0.0135657
0.00651079 -0.0138679
0.00661826 -0.0141494
0.00671345 -0.0144092
0.0067969 -0.0146468
0.00686973 -0.0148609
0.00693309 -0.0150517
0.00698835 -0.0152186
0.00703651 -0.0153605
0.00707716 -0.0154784
0.00711057 -0.0155718
0.00713816 -0.0156404
0.00715971 -0.0156849
0.00717667 -0.0157048
0.00718939 -0.0157007
0.00719875 -0.0156725
0.00720471 -0.015621
0.00720629 -0.0155462
0.00720268 -0.015449
0.00719371 -0.0153295
0.00718001 -0.0151882
0.00716093 -0.0150257
0.0071364 -0.0148423
0.00710514 -0.014639
0.00706801 -0.014416
0.00702444 -0.0141747
0.00697419 -0.0139151
0.00691557 -0.0136383
0.00684717 -0.013345
0.00676844 -0.0130357
0.00667834 -0.0127116
0.00657517 -0.0123735
0.00645834 -0.0120225
0.00632831 -0.0116596
0.00618625 -0.0112869
0.0060342 -0.0109051
0.00587022 -0.0105159
0.00568947 -0.0101207
0.00548765 -0.00972024
0.00526288 -0.00931585
0.00501505 -0.0089086
0.00387764 -0.00938857
0.00416636 -0.00981188
0.00444072 -0.0102321
0.00470054 -0.0106475
0.00494426 -0.0110562
0.00517237 -0.0114567
0.00538409 -0.0118471
0.00558102 -0.0122251
0.00576395 -0.0125899
0.00593269 -0.0129401
0.00608778 -0.0132741
0.00622928 -0.0135908
0.00635844 -0.0138891
0.00647593 -0.0141681
0.0065828 -0.0144262
0.00667888 -0.0146634
0.00676626 -0.0148789
0.00684637 -0.0150716
0.00691861 -0.0152422
0.00698382 -0.0153893
0.00704193 -0.0155134
0.00709367 -0.0156141
0.00713977 -0.0156913
0.00718081 -0.0157448
0.00721762 -0.0157748
0.00725022 -0.0157818
0.00727952 -0.0157652
0.00730351 -0.015726
0.00732213 -0.0156637
0.00733504 -0.0155791
0.00734252 -0.0154724
0.00734431 -0.0153438
0.00733969 -0.0151936
0.00732815 -0.0150225
0.00730935 -0.0148308
0.00728408 -0.0146191
0.00725091 -0.0143883
0.00720894 -0.0141383
0.00715643 -0.0138702
0.00709251 -0.0135846
0.00701645 -0.0132819
0.00692621 -0.0129634
0.00682122 -0.0126299
0.00670102 -0.0122827
0.00656807 -0.0119229
0.00642341 -0.011552
0.00626543 -0.0111714
0.0060899 -0.0107823
0.00589204 -0.0103855
0.00567013 -0.00998229
0.00542372 -0.00957394
0.00515318 -0.00916192
0.00485879 -0.00874755
0.00374615 -0.00942904
0.00402528 -0.00984365
0.00429189 -0.0102546
0.00454372 -0.0106612
0.00478202 -0.0110609
0.00500607 -0.011453
0.00521618 -0.0118353
0.00541377 -0.0122063
0.00559866 -0.0125647
0.00577116 -0.0129093
0.0059309 -0.013239
0.00607949 -0.0135523
0.00621784 -0.0138487
0.00634557 -0.0141267
0.00646335 -0.0143855
0.00657356 -0.0146242
0.00667584 -0.0148427
0.00677145 -0.0150403
0.00685972 -0.0152166
0.00694126 -0.0153712
0.00701648 -0.0155037
0.00708622 -0.015614
0.00715083 -0.0157019
0.00721064 -0.0157672
0.00726682 -0.0158094
0.00731871 -0.0158295
0.00736576 -0.0158266
0.00740677 -0.0158012
0.00744176 -0.0157534
0.00747111 -0.0156833
0.00749445 -0.0155909
0.00751084 -0.0154764
0.00751981 -0.0153401
0.00752106 -0.0151825
0.00751489 -0.0150038
0.00750089 -0.0148046
0.00747705 -0.0145853
0.00744209 -0.0143462
0.00739521 -0.0140876
0.00733486 -0.0138107
0.00725973 -0.0135156
0.00716844 -0.0132037
0.0070608 -0.0128759
0.00693896 -0.0125332
0.00680405 -0.0121774
0.00665453 -0.0118092
0.00648668 -0.01143
0.00629526 -0.011041
0.00607848 -0.0106429
0.00583574 -0.0102371
0.00556755 -0.00982526
0.00527418 -0.00940838
0.00495553 -0.00898823
0.00361431 -0.00940573
0.00388533 -0.00981069
0.00414401 -0.0102126
0.00438994 -0.0106101
0.00462371 -0.0110015
0.0048452 -0.0113854
0.00505543 -0.0117603
0.00525403 -0.012125
0.00544149 -0.0124782
0.00561756 -0.0128187
0.00578314 -0.0131456
0.00593978 -0.0134568
0.00608683 -0.0137525
0.00622463 -0.0140317
0.00635499 -0.0142927
0.00647831 -0.0145355
0.00659508 -0.0147591
0.00670516 -0.0149636
0.00680876 -0.0151479
0.00690615 -0.0153118
0.00699836 -0.0154546
0.0070855 -0.0155765
0.00716841 -0.0156767
0.00724679 -0.0157554
0.0073216 -0.0158119
0.00739115 -0.0158466
0.00745457 -0.0158592
0.00751188 -0.0158494
0.0075635 -0.0158173
0.00760889 -0.015763
0.00764716 -0.0156861
0.00767741 -0.0155872
0.00769979 -0.0154662
0.00771412 -0.0153234
0.0077202 -0.0151589
0.00771612 -0.014973
0.00770062 -0.014766
0.00767219 -0.0145384
0.00762996 -0.0142903
0.00757155 -0.0140229
0.00749624 -0.0137363
0.00740349 -0.0134319
0.00729483 -0.0131105
0.00717226 -0.0127733
0.00703371 -0.012422
0.00687572 -0.012057
0.00669327 -0.0116795
0.0064843 -0.0112905
0.00624761 -0.0108913
0.00598443 -0.0104832
0.00569433 -0.0100678
0.00537795 -0.00964624
0.00503722 -0.00922006
0.00374651 -0.00971836
0.00399858 -0.0101109
0.0042398 -0.0104994
0.00447029 -0.0108829
0.00469077 -0.0112592
0.00490081 -0.011628
0.00510097 -0.0119873
0.00529069 -0.0123365
0.00547194 -0.0126742
0.00564402 -0.0129994
0.00580764 -0.0133107
0.00596368 -0.0136073
0.00611216 -0.0138889
0.00625467 -0.0141543
0.00639057 -0.0144029
0.00652087 -0.0146334
0.00664485 -0.0148463
0.00676334 -0.0150405
0.00687647 -0.0152152
0.00698537 -0.0153704
0.00708973 -0.0155053
0.00719029 -0.0156198
0.00728685 -0.0157131
0.00737858 -0.0157853
0.00746441 -0.015836
0.00754398 -0.0158654
0.00761777 -0.0158725
0.00768575 -0.0158573
0.00774607 -0.01582
0.0077984 -0.0157599
0.0078426 -0.0156774
0.00787866 -0.0155725
0.00790608 -0.0154454
0.00792313 -0.0152959
0.00792819 -0.0151241
0.0079203 -0.0149301
0.00789735 -0.0147146
0.00785816 -0.0144779
0.00780067 -0.0142206
0.00772488 -0.0139432
0.00763199 -0.013647
0.00752357 -0.0133331
0.00739872 -0.0130022
0.0072532 -0.0126554
0.00708234 -0.0122937
0.00688341 -0.011918
0.00665575 -0.0115292
0.00639981 -0.0111292
0.00611591 -0.0107188
0.00580412 -0.0102997
0.00546688 -0.00987324
0.00510705 -0.00944087
0.00472617 -0.00900388
0.00361007 -0.00957137
0.0038563 -0.00995505
0.00409395 -0.0103352
0.00432193 -0.0107114
0.00454152 -0.0110811
0.0047518 -0.0114447
0.00495297 -0.0118001
0.0051468 -0.0121463
0.00533265 -0.0124828
0.00551105 -0.0128075
0.00568211 -0.0131204
0.0058468 -0.01342
0.00600606 -0.0137054
0.00616002 -0.0139763
0.00630802 -0.014232
0.00645065 -0.0144715
0.00658858 -0.0146941
0.00672126 -0.0149
0.00685054 -0.0150866
0.00697523 -0.0152552
0.00709695 -0.0154048
0.00721461 -0.0155344
0.00732791 -0.0156439
0.00743496 -0.0157333
0.00753695 -0.0158012
0.00763297 -0.0158479
0.00772303 -0.0158727
0.00780621 -0.0158752
0.00788087 -0.0158555
0.00794744 -0.0158131
0.00800583 -0.0157479
0.0080556 -0.01566
0.00809491 -0.0155491
0.00812218 -0.015415
0.0081358 -0.0152577
0.00813407 -0.0150777
0.00811547 -0.0148749
0.00807804 -0.0146501
0.00802103 -0.0144036
0.00794598 -0.0141363
0.00785437 -0.013849
0.00774553 -0.0135427
0.00761491 -0.0132182
0.00745809 -0.0128763
0.00727215 -0.012518
0.00705579 -0.0121441
0.00681025 -0.0117556
0.00653493 -0.0113545
0.00623062 -0.0109419
0.00589925 -0.0105189
0.00554404 -0.0100873
0.00516593 -0.00964868
0.00476471 -0.00920409
0.00371778 -0.00975072
0.00395221 -0.0101235
0.00417787 -0.010493
0.00439644 -0.0108578
0.00460678 -0.0112171
0.00481033 -0.0115697
0.00500792 -0.0119143
0.00519818 -0.0122502
0.00538248 -0.0125761
0.00556135 -0.0128915
0.00573522 -0.0131952
0.00590426 -0.0134866
0.00606859 -0.0137647
0.00622803 -0.0140287
0.0063827 -0.0142784
0.00653464 -0.0145117
0.00668192 -0.0147298
0.00682569 -0.0149306
0.00696731 -0.0151132
0.00710511 -0.0152783
0.00723851 -0.0154244
0.00736707 -0.0155507
0.00749022 -0.0156573
0.00760818 -0.0157435
0.00772059 -0.0158083
0.00782591 -0.0158518
0.00792322 -0.0158729
0.00801268 -0.0158713
0.00809371 -0.0158473
0.00816652 -0.0157999
0.00822899 -0.0157293
0.00827944 -0.0156349
0.00831577 -0.0155166
0.00833687 -0.0153745
0.00834027 -0.0152088
0.00832456 -0.0150194
0.00828832 -0.014807
0.00823331 -0.014572
0.00816071 -0.014315
0.00806996 -0.0140371
0.0079568 -0.0137389
0.00781646 -0.0134209
0.00764602 -0.0130837
0.00744426 -0.0127282
0.00721133 -0.0123561
0.00694758 -0.0119683
0.00665358 -0.0115662
0.00633085 -0.011151
0.0059827 -0.0107241
0.00561053 -0.010287
0.00521311 -0.00984162
0.00479373 -0.00938919
0.00358272 -0.0095042
0.00381303 -0.00987071
0.00403714 -0.0102344
0.00425416 -0.0105953
0.00446576 -0.0109514
0.00467199 -0.011302
0.00487232 -0.0116464
0.00506705 -0.0119833
0.00525767 -0.0123117
0.00544381 -0.0126308
0.00562614 -0.0129398
0.00580466 -0.013238
0.00597835 -0.0135245
0.00614935 -0.0137981
0.00631654 -0.0140584
0.00648111 -0.014304
0.00664306 -0.0145348
0.00680226 -0.0147498
0.00695902 -0.014948
0.00711215 -0.0151291
0.0072605 -0.0152921
0.00740403 -0.0154365
0.00754339 -0.015561
0.00767708 -0.0156658
0.00780481 -0.0157493
0.0079248 -0.0158113
0.00803673 -0.0158513
0.00814107 -0.0158687
0.00823715 -0.0158632
0.00832334 -0.0158341
0.00839779 -0.015781
0.00845787 -0.0157035
0.0085026 -0.0156016
0.00852963 -0.0154749
0.00853691 -0.0153235
0.00852337 -0.015148
0.00849026 -0.0149483
0.00843865 -0.0147253
0.00836816 -0.0144792
0.00827482 -0.0142106
0.00815368 -0.0139203
0.00800145 -0.0136085
0.0078164 -0.0132761
0.00759917 -0.0129242
0.00734967 -0.0125537
0.00706875 -0.012166
0.00675777 -0.0117625
0.00641975 -0.0113446
0.00605592 -0.0109133
0.00566554 -0.0104709
0.00525132 -0.0100183
0.00481805 -0.00955772
0.00436959 -0.00909057
0.00367618 -0.0095827
0.00389808 -0.009942
0.00411516 -0.0102993
0.00432754 -0.0106535
0.00453544 -0.0110035
0.00473869 -0.0113481
0.0049386 -0.0116868
0.00513482 -0.0120189
0.00532794 -0.0123429
0.00551814 -0.012658
0.0057047 -0.012964
0.00588906 -0.0132592
0.00607091 -0.0135432
0.00625032 -0.0138149
0.00642812 -0.0140736
0.00660408 -0.014318
0.00677788 -0.014548
0.00694913 -0.0147622
0.00711608 -0.01496
0.00727957 -0.01514
0.0074386 -0.0153024
0.00759357 -0.0154453
0.00774276 -0.0155684
0.00788486 -0.015671
0.00801933 -0.0157524
0.00814652 -0.0158116
0.00826624 -0.015848
0.00837642 -0.0158615
0.00847533 -0.0158503
0.00855979 -0.0158153
0.00862929 -0.0157549
0.00868097 -0.0156693
0.00871241 -0.0155587
0.00872308 -0.0154223
0.0087133 -0.0152609
0.00868475 -0.0150745
0.00863671 -0.0148635
0.00856516 -0.0146283
0.0084655 -0.014369
0.0083338 -0.0140863
0.00816837 -0.0137806
0.00796965 -0.0134527
0.00773737 -0.013104
0.00747222 -0.0127352
0.00717574 -0.0123476
0.00685096 -0.0119423
0.0064984 -0.0115211
0.00611812 -0.0110855
0.00571188 -0.010637
0.0052852 -0.0101771
0.00484157 -0.00970775
0.004383 -0.00923082
0.00376099 -0.00962144
0.00397754 -0.00997674
0.0041908 -0.0103294
0.00440001 -0.0106797
0.00460649 -0.0110258
0.00481087 -0.011367
0.00501281 -0.0117033
0.00521213 -0.0120332
0.00540954 -0.0123551
0.00560498 -0.0126692
0.00579929 -0.0129742
0.00599164 -0.0132691
0.00618362 -0.0135526
0.00637412 -0.0138244
0.00656372 -0.0140831
0.0067513 -0.0143278
0.00693607 -0.0145581
0.00711721 -0.0147727
0.00729567 -0.0149703
0.00747049 -0.0151507
0.00764012 -0.0153123
0.0078035 -0.0154544
0.00796008 -0.0155758
0.00811011 -0.0156766
0.0082528 -0.0157551
0.00838763 -0.0158104
0.00851032 -0.0158427
0.00862017 -0.0158499
0.00871485 -0.0158324
0.0087916 -0.0157895
0.00884879 -0.0157206
0.00888455 -0.0156259
0.00889972 -0.0155047
0.00889575 -0.0153577
0.00887188 -0.0151844
0.00882441 -0.0149856
0.00874826 -0.0147609
0.00863951 -0.0145108
0.00849622 -0.0142355
0.00831836 -0.0139357
0.0081062 -0.0136125
0.0078598 -0.0132664
0.00758103 -0.0128987
0.00727218 -0.0125109
0.00693402 -0.0121039
0.00656652 -0.0116792
0.00617185 -0.0112385
0.00575453 -0.0107836
0.00531849 -0.010316
0.00486568 -0.00983772
0.0043956 -0.00935075
0.00384051 -0.00963318
0.00405383 -0.00998521
0.00426537 -0.010336
0.00447458 -0.0106845
0.0046829 -0.0110295
0.0048902 -0.0113701
0.00509542 -0.0117061
0.00529999 -0.0120358
0.00550437 -0.0123583
0.00570816 -0.0126731
0.00591183 -0.0129784
0.00611538 -0.0132744
0.00631905 -0.0135592
0.00652105 -0.0138324
0.0067215 -0.0140924
0.00691956 -0.0143389
0.0071153 -0.0145701
0.00730884 -0.0147851
0.00749809 -0.0149834
0.00768209 -0.0151633
0.00785929 -0.0153245
0.00803161 -0.0154649
0.00819743 -0.0155848
0.00835538 -0.0156825
0.00850308 -0.0157568
0.00863767 -0.0158074
0.0087578 -0.0158331
0.00886047 -0.0158336
0.00894353 -0.0158081
0.00900573 -0.0157559
0.00904667 -0.0156772
0.00906909 -0.0155712
0.00907069 -0.0154386
0.00904906 -0.0152784
0.00899845 -0.0150913
0.00891474 -0.0148769
0.00879604 -0.0146353
0.00864157 -0.0143672
0.00845227 -0.014073
0.00822753 -0.0137538
0.00796887 -0.0134104
0.00767919 -0.0130436
0.00735864 -0.0126548
0.00700727 -0.0122454
0.00662673 -0.0118169
0.00622213 -0.0113709
0.00579679 -0.010909
0.00535265 -0.0104333
0.00488931 -0.00994584
0.00441495 -0.00944847
0.00391686 -0.00962704
0.00412959 -0.00997925
0.00434226 -0.0103299
0.00455421 -0.0106791
0.00476575 -0.0110249
0.00497746 -0.0113669
0.0051896 -0.011704
0.0054028 -0.0120352
0.00561583 -0.0123599
0.00583059 -0.0126764
0.00604588 -0.0129843
0.00626099 -0.0132826
0.00647509 -0.0135697
0.0066883 -0.0138448
0.00690031 -0.0141069
0.00711054 -0.0143549
0.0073182 -0.014587
0.00752085 -0.014803
0.00771892 -0.015001
0.00791174 -0.0151808
0.00809968 -0.0153403
0.00828111 -0.0154786
0.00845242 -0.0155953
0.00861204 -0.0156882
0.00875729 -0.0157574
0.00888592 -0.0158013
0.00899577 -0.0158193
0.0090844 -0.0158111
0.00915268 -0.0157756
0.00920174 -0.0157126
0.00923082 -0.015622
0.00923619 -0.0155031
0.00921285 -0.0153558
0.00915635 -0.0151798
0.00906414 -0.0149751
0.00893581 -0.0147419
0.00877139 -0.0144804
0.00857091 -0.0141917
0.00833571 -0.0138759
0.00806797 -0.0135343
0.00776812 -0.0131678
0.00743571 -0.0127778
0.00707278 -0.0123655
0.00668398 -0.0119326
0.00627249 -0.0114807
0.00584012 -0.0110117
0.00538668 -0.0105276
0.00491977 -0.0100306
0.00444636 -0.00952291
0.00377893 -0.00925976
0.00399309 -0.00961387
0.00420839 -0.00996751
0.00442374 -0.0103204
0.00464034 -0.0106714
0.00485843 -0.0110197
0.00507808 -0.0113645
0.00529933 -0.0117041
0.00552267 -0.0120384
0.00574762 -0.0123658
0.00597394 -0.0126854
0.0061999 -0.0129966
0.00642627 -0.0132974
0.00665224 -0.0135877
0.00687844 -0.0138651
0.00710225 -0.0141291
0.00732285 -0.0143781
0.00753915 -0.0146115
0.00775224 -0.0148275
0.00796133 -0.0150251
0.00816447 -0.0152031
0.00835949 -0.0153599
0.00854278 -0.0154949
0.00871348 -0.015606
0.00886792 -0.0156934
0.00900388 -0.0157553
0.00911993 -0.0157909
0.00921565 -0.0157993
0.00929239 -0.0157803
0.0093497 -0.0157329
0.00938347 -0.015657
0.00938886 -0.0155515
0.00936103 -0.0154162
0.00929737 -0.0152507
0.00919726 -0.0150551
0.00906017 -0.0148297
0.00888669 -0.0145745
0.0086773 -0.0142903
0.00843444 -0.0139775
0.00815815 -0.0136371
0.00784796 -0.0132705
0.00750574 -0.0128787
0.00713587 -0.0124629
0.00674143 -0.012025
0.0063242 -0.0115668
0.00588369 -0.0110903
0.00542748 -0.0105976
0.00496244 -0.0100909
0.00449315 -0.00957271
0.00385547 -0.00924408
0.00407273 -0.00960088
0.00429207 -0.00995761
0.00451362 -0.0103135
0.00473845 -0.0106679
0.00496507 -0.0110199
0.00519526 -0.0113678
0.00542802 -0.0117117
0.00566274 -0.0120498
0.00589913 -0.012381
0.006136 -0.0127043
0.00637484 -0.0130184
0.00661439 -0.0133227
0.00685322 -0.0136152
0.0070895 -0.0138949
0.00732309 -0.0141602
0.00755471 -0.0144103
0.00778329 -0.0146439
0.00800771 -0.0148589
0.00822449 -0.0150546
0.00843167 -0.0152295
0.0086261 -0.0153822
0.00880599 -0.0155116
0.00896829 -0.0156164
0.00911146 -0.0156956
0.00923467 -0.0157485
0.00933978 -0.0157735
0.00942564 -0.0157703
0.00948897 -0.015738
0.00952417 -0.0156759
0.00952649 -0.0155832
0.00949299 -0.0154592
0.00942272 -0.0153038
0.00931531 -0.0151167
0.00917089 -0.0148982
0.00899017 -0.0146486
0.00877479 -0.0143681
0.00852481 -0.0140576
0.00823978 -0.0137181
0.00792155 -0.0133505
0.00757372 -0.0129561
0.00719967 -0.0125363
0.00680068 -0.0120931
0.00637642 -0.0116284
0.00593412 -0.0111441
0.00548065 -0.0106425
0.00502029 -0.0101263
0.00455627 -0.00959775
0.00393623 -0.0092327
0.00415921 -0.00959367
0.00438637 -0.00995427
0.00461721 -0.0103143
0.00485134 -0.0106733
0.00508994 -0.0110292
0.00533158 -0.0113817
0.00557578 -0.0117297
0.00582188 -0.0120724
0.00607061 -0.0124075
0.00632185 -0.0127345
0.0065735 -0.013052
0.0068242 -0.0133587
0.00707304 -0.0136538
0.00732106 -0.0139347
0.0075683 -0.0142009
0.00781196 -0.0144511
0.00804967 -0.0146832
0.00827897 -0.014896
0.0084967 -0.0150883
0.00870115 -0.0152585
0.00888908 -0.0154052
0.00905859 -0.0155274
0.00920969 -0.0156235
0.00934297 -0.0156926
0.00945795 -0.0157339
0.00955105 -0.0157459
0.00961685 -0.0157281
0.00965053 -0.0156789
0.00964841 -0.015598
0.00960976 -0.0154845
0.00953385 -0.0153383
0.00942051 -0.0151592
0.00927058 -0.0149469
0.00908533 -0.014702
0.00886431 -0.0144247
0.00860742 -0.0141159
0.00831595 -0.0137763
0.00799343 -0.0134071
0.00764295 -0.0130095
0.00726536 -0.0125855
0.0068607 -0.0121366
0.00643575 -0.011665
0.00599682 -0.0111727
0.00554883 -0.0106623
0.00509432 -0.0101365
0.00463837 -0.00959784
0.00402629 -0.00923008
0.00425828 -0.00959563
0.00449544 -0.00996125
0.00473744 -0.0103263
0.00498354 -0.0106899
0.00523311 -0.011051
0.00548673 -0.0114083
0.00574368 -0.0117608
0.00600427 -0.0121076
0.00626683 -0.0124468
0.00652909 -0.0127772
0.00679213 -0.0130977
0.00705487 -0.0134069
0.00731814 -0.0137031
0.0075798 -0.0139847
0.00783688 -0.0142509
0.00808674 -0.0144994
0.00832647 -0.0147284
0.00855446 -0.0149374
0.00876683 -0.0151247
0.00896257 -0.0152882
0.00914055 -0.0154269
0.00930166 -0.0155395
0.00944597 -0.0156245
0.00956887 -0.0156809
0.00966603 -0.0157074
0.00973144 -0.0157028
0.00976184 -0.015666
0.00975597 -0.0155961
0.00971302 -0.0154925
0.00963274 -0.0153547
0.00951555 -0.0151824
0.00936255 -0.0149755
0.00917318 -0.0147345
0.00894701 -0.0144597
0.00868517 -0.0141518
0.00839093 -0.0138115
0.00806701 -0.01344
0.00771424 -0.0130389
0.00733235 -0.01261
0.006928 -0.0121551
0.00650725 -0.0116762
0.00607458 -0.011176
0.00563303 -0.0106571
0.00518692 -0.0101219
0.00474289 -0.00957346
0.00413042 -0.00923979
0.00437385 -0.00961035
0.0046224 -0.00998145
0.00487584 -0.010352
0.00513417 -0.0107209
0.00539696 -0.0110872
0.005665 -0.0114492
0.00593644 -0.0118064
0.0062086 -0.012157
0.0064829 -0.0124997
0.00675869 -0.0128334
0.00703651 -0.0131562
0.00731361 -0.0134669
0.00758845 -0.0137629
0.00785768 -0.0140439
0.0081175 -0.0143086
0.00836712 -0.0145538
0.00860339 -0.0147785
0.00882387 -0.0149818
0.0090279 -0.0151616
0.00921673 -0.0153161
0.00938952 -0.0154439
0.00954241 -0.0155444
0.00967062 -0.0156153
0.00976819 -0.0156552
0.00983179 -0.015663
0.00985959 -0.0156373
0.0098508 -0.0155774
0.00980502 -0.0154824
0.00972247 -0.015352
0.00960356 -0.0151859
0.00944799 -0.0149837
0.0092549 -0.0147458
0.00902545 -0.0144725
0.00876239 -0.0141645
0.00846815 -0.0138227
0.00814313 -0.0134487
0.00778729 -0.0130436
0.00740689 -0.0126096
0.00700739 -0.0121484
0.00659356 -0.0116623
0.00616819 -0.0111542
0.00573537 -0.0106267
0.00530159 -0.0100825
0.00487247 -0.00952491
0.00445196 -0.00895688
0.0042519 -0.00926399
0.00450689 -0.00964063
0.00476784 -0.0100173
0.00503498 -0.0103934
0.00530779 -0.0107675
0.00558585 -0.0111386
0.00586587 -0.0115059
0.00614929 -0.0118669
0.00643587 -0.0122212
0.00672579 -0.012567
0.00701761 -0.0129024
0.00730747 -0.0132266
0.00759298 -0.0135372
0.00787228 -0.0138327
0.00814241 -0.0141115
0.00840008 -0.0143722
0.0086441 -0.0146126
0.0088734 -0.0148309
0.00908887 -0.0150257
0.00928903 -0.0151954
0.00947154 -0.0153381
0.00963068 -0.0154524
0.00976038 -0.0155367
0.00985754 -0.0155888
0.00991946 -0.0156078
0.00994584 -0.0155922
0.00993541 -0.0155417
0.00988856 -0.0154547
0.0098058 -0.0153307
0.00968581 -0.0151694
0.00952828 -0.0149708
0.0093334 -0.0147352
0.00910416 -0.0144627
0.00884214 -0.014154
0.00854823 -0.0138103
0.00822136 -0.013433
0.00786811 -0.0130236
0.00749341 -0.0125839
0.00710166 -0.0121163
0.00669572 -0.0116234
0.00627953 -0.0111076
0.00585923 -0.0105717
0.0054405 -0.0100191
0.00502715 -0.00945291
0.00462201 -0.00887662
0.00439167 -0.00930518
0.0046609 -0.0096873
0.0049367 -0.0100701
0.00521857 -0.0104515
0.00550485 -0.0108308
0.005795 -0.0112068
0.00609004 -0.0115781
0.00639045 -0.0119426
0.00669336 -0.0123
0.00699687 -0.0126476
0.00729746 -0.012984
0.00759357 -0.0133076
0.0078817 -0.013617
0.00815964 -0.0139101
0.00842583 -0.0141848
0.00867862 -0.0144396
0.00891912 -0.0146725
0.00914639 -0.0148816
0.00935715 -0.0150654
0.00954646 -0.0152218
0.00970829 -0.0153491
0.00983852 -0.0154453
0.00993502 -0.0155088
0.00999635 -0.0155382
0.0100224 -0.0155319
0.0100126 -0.015489
0.00996706 -0.0154086
0.00988445 -0.0152901
0.00976387 -0.0151331
0.00960588 -0.0149372
0.00941283 -0.0147027
0.00918591 -0.0144302
0.00892547 -0.0141203
0.00863084 -0.0137744
0.00830773 -0.0133932
0.00796103 -0.012979
0.00759453 -0.0125338
0.00721157 -0.0120598
0.00681537 -0.01156
0.00641188 -0.0110367
0.00600669 -0.0104933
0.00560343 -0.00993291
0.00520563 -0.00935891
0.00481516 -0.00877509
0.00455528 -0.00936335
0.00483924 -0.00975174
0.00512886 -0.0101397
0.00542372 -0.0105266
0.0057255 -0.0109107
0.00603312 -0.0112912
0.00634575 -0.0116657
0.00666046 -0.0120334
0.00697386 -0.0123922
0.00728416 -0.0127405
0.00758857 -0.0130768
0.00788498 -0.0133989
0.00817102 -0.013705
0.00844574 -0.0139933
0.00871003 -0.0142614
0.00896251 -0.0145075
0.00920081 -0.01473
0.00941914 -0.014927
0.00961208 -0.0150957
0.00977498 -0.0152346
0.00990564 -0.0153416
0.0100027 -0.0154153
0.0100654 -0.0154535
0.0100929 -0.0154555
0.0100856 -0.0154191
0.0100414 -0.0153446
0.00995979 -0.0152304
0.00984034 -0.0150767
0.00968531 -0.0148826
0.00949588 -0.0146485
0.00927135 -0.0143754
0.00901204 -0.0140635
0.00872189 -0.0137146
0.00840622 -0.0133295
0.0080685 -0.0129106
0.00771141 -0.0124599
0.00733864 -0.01198
0.00695533 -0.0114733
0.00656706 -0.010943
0.00617743 -0.0103927
0.00578946 -0.0098255
0.00540575 -0.00924471
0.00502783 -0.00865442
0.00445127 -0.00904709
0.00474197 -0.00944048
0.00503957 -0.00983429
0.00534505 -0.0102279
0.00565863 -0.0106195
0.00597805 -0.0110081
0.00630164 -0.0113916
0.00662559 -0.0117689
0.00694782 -0.012138
0.00726652 -0.0124973
0.00757891 -0.0128452
0.00788271 -0.0131792
0.00817758 -0.0134973
0.00846398 -0.0137976
0.00874001 -0.0140786
0.00900382 -0.0143372
0.0092504 -0.0145719
0.0094732 -0.0147805
0.00966799 -0.0149607
0.00983191 -0.0151098
0.00996453 -0.0152266
0.0100633 -0.0153091
0.0101293 -0.0153549
0.0101601 -0.0153638
0.0101556 -0.0153335
0.0101136 -0.0152636
0.0100344 -0.0151528
0.00991938 -0.0150009
0.00976899 -0.0148078
0.00958323 -0.0145736
0.00936103 -0.0142993
0.0091069 -0.0139851
0.00882515 -0.0136325
0.00851923 -0.0132434
0.00819132 -0.0128197
0.00784528 -0.0123634
0.00748563 -0.0118775
0.00711742 -0.0113647
0.00674459 -0.0108283
0.00637025 -0.0102716
0.00599605 -0.0096983
0.00562418 -0.00911197
0.00525543 -0.00851661
0.00464594 -0.00913727
0.00495344 -0.00953615
0.00527006 -0.0099355
0.00559455 -0.0103341
0.00592434 -0.0107297
0.00625646 -0.0111217
0.00658852 -0.011508
0.00691867 -0.0118865
0.00724483 -0.012256
0.00756466 -0.0126143
0.00787723 -0.0129591
0.00818306 -0.0132881
0.00848138 -0.0136001
0.00876909 -0.0138922
0.00904179 -0.0141624
0.00929302 -0.0144082
0.00951886 -0.0146272
0.00971514 -0.0148175
0.00988203 -0.0149757
0.0100175 -0.015101
0.0101205 -0.0151908
0.0101904 -0.0152438
0.0102255 -0.0152578
0.0102243 -0.0152321
0.0101864 -0.0151655
0.0101125 -0.0150572
0.0100032 -0.0149065
0.00985754 -0.0147135
0.00967523 -0.0144785
0.00945947 -0.0142021
0.00921431 -0.013885
0.00894293 -0.0135289
0.00864759 -0.0131355
0.00833118 -0.0127069
0.00799841 -0.0122455
0.0076538 -0.011754
0.00730133 -0.0112354
0.00694355 -0.0106935
0.00658238 -0.0101317
0.00621954 -0.00955334
0.00585654 -0.00896248
0.00549683 -0.00836292
0.00487149 -0.00924575
0.00519896 -0.00965017
0.00553232 -0.0100547
0.0058701 -0.0104572
0.00621009 -0.0108563
0.00654918 -0.0112509
0.00688648 -0.0116382
0.00721985 -0.0120169
0.00754821 -0.0123845
0.00787109 -0.0127392
0.00818926 -0.0130785
0.00849891 -0.0134005
0.00879598 -0.0137029
0.00907409 -0.0139829
0.00932854 -0.0142384
0.00955695 -0.0144665
0.00975668 -0.0146651
0.00992769 -0.0148314
0.0100674 -0.0149641
0.0101764 -0.0150601
0.0102513 -0.0151183
0.0102909 -0.015137
0.0102947 -0.015115
0.0102632 -0.0150506
0.0101961 -0.0149437
0.0100926 -0.0147935
0.00995162 -0.0146
0.00977656 -0.0143635
0.00957042 -0.0140847
0.00933629 -0.0137645
0.00907624 -0.0134047
0.00879252 -0.013007
0.00848991 -0.0125735
0.00817245 -0.0121071
0.00784323 -0.0116107
0.00750539 -0.0110875
0.00716069 -0.0105407
0.0068104 -0.0099743
0.00645611 -0.00939208
0.0061014 -0.00879788
0.00575134 -0.00819537
0.00479442 -0.00896263
0.00512987 -0.00937182
0.00547099 -0.00978106
0.00581551 -0.0101899
0.00616181 -0.0105959
0.00650781 -0.0109974
0.00685221 -0.0113923
0.00719357 -0.0117792
0.00753182 -0.0121553
0.00786722 -0.0125185
0.00819647 -0.012867
0.00851601 -0.0131984
0.00881857 -0.0135098
0.00910044 -0.0137988
0.00935835 -0.0140623
0.00959039 -0.0142981
0.00979501 -0.0145042
0.00997144 -0.0146772
0.0101182 -0.0148154
0.0102326 -0.0149169
0.0103129 -0.0149798
0.010359 -0.0150016
0.0103701 -0.0149821
0.0103464 -0.0149193
0.010286 -0.0148128
0.0101882 -0.0146624
0.0100554 -0.0144677
0.00989062 -0.0142291
0.00969607 -0.0139477
0.00947392 -0.0136243
0.00922608 -0.0132608
0.00895628 -0.0128591
0.00866878 -0.0124212
0.00836644 -0.0119504
0.00805223 -0.0114496
0.00772709 -0.0109222
0.00739262 -0.0103717
0.00705031 -0.00980201
0.00670391 -0.00921699
0.00635839 -0.00862035
0.00601935 -0.00801602
0.00506216 -0.00910091
0.00540954 -0.00951463
0.00576025 -0.00992858
0.00611293 -0.01034
0.00646532 -0.010748
0.00681746 -0.0111498
0.00716859 -0.0115438
0.00751877 -0.0119272
0.00786507 -0.0122988
0.00820458 -0.0126551
0.00852954 -0.0129946
0.00883693 -0.0133134
0.00912255 -0.01361
0.00938433 -0.0138809
0.00962204 -0.0141233
0.00983316 -0.014335
0.0100167 -0.0145137
0.0101697 -0.0146568
0.0102911 -0.014762
0.0103785 -0.0148281
0.0104329 -0.0148525
0.0104529 -0.0148344
0.0104364 -0.0147724
0.0103828 -0.0146662
0.010294 -0.0145147
0.010172 -0.0143183
0.0100194 -0.0140775
0.00983739 -0.0137932
0.00962785 -0.0134667
0.00939414 -0.0130994
0.0091396 -0.0126938
0.00886726 -0.0122523
0.00857961 -0.0117777
0.00827754 -0.0112734
0.00796235 -0.0107427
0.00763533 -0.0101895
0.00730056 -0.00961745
0.00696272 -0.00903061
0.00662738 -0.00843248
0.00629768 -0.00782749
0.00499558 -0.00883836
0.0053488 -0.00925612
0.00570494 -0.00967437
0.00606352 -0.0100911
0.00642347 -0.010504
0.00678515 -0.0109117
0.00714725 -0.0113119
0.00750875 -0.0117021
0.00786501 -0.0120804
0.00821084 -0.0124436
0.00854027 -0.01279
0.00885165 -0.0131153
0.00914192 -0.0134178
0.00941032 -0.0136945
0.00965452 -0.0139425
0.00987357 -0.0141589
0.0100645 -0.014342
0.0102249 -0.0144889
0.0103542 -0.0145974
0.010451 -0.0146655
0.0105149 -0.0146911
0.0105426 -0.0146741
0.0105343 -0.0146121
0.0104904 -0.0145051
0.0104129 -0.0143523
0.0103037 -0.0141539
0.0101638 -0.0139107
0.00999516 -0.0136233
0.00979972 -0.0132936
0.00958115 -0.0129229
0.00934181 -0.0125138
0.00908399 -0.012069
0.00880823 -0.0115914
0.00851554 -0.0110844
0.00820735 -0.0105515
0.00788739 -0.00999644
0.00756085 -0.00942299
0.00723237 -0.00883532
0.00690532 -0.00823721
0.00658101 -0.00763324
0.00528824 -0.00900662
0.00565058 -0.00942826
0.00601578 -0.00984925
0.00638497 -0.0102664
0.00675708 -0.0106792
0.00713044 -0.0110844
0.00750178 -0.0114806
0.00786442 -0.0118645
0.00821495 -0.0122336
0.00854921 -0.012585
0.00886518 -0.0129161
0.00916231 -0.0132235
0.00943816 -0.0135047
0.00969046 -0.0137571
0.00991768 -0.0139772
0.0101165 -0.0141636
0.0102861 -0.0143126
0.0104254 -0.0144232
0.0105318 -0.0144926
0.0106046 -0.0145191
0.0106413 -0.014502
0.0106432 -0.0144393
0.0106113 -0.0143309
0.0105469 -0.0141762
0.0104513 -0.0139757
0.0103249 -0.01373
0.0101704 -0.0134397
0.00999025 -0.013107
0.0097867 -0.0127334
0.00956151 -0.0123214
0.00931522 -0.011874
0.00904849 -0.0113941
0.00876239 -0.0108853
0.00846085 -0.0103509
0.00814852 -0.00979477
0.00783047 -0.00922096
0.00750929 -0.00863376
0.00718671 -0.00803712
0.00686288 -0.00743577
0.00522959 -0.00876576
0.0055986 -0.00918967
0.00597221 -0.00961387
0.00635189 -0.0100349
0.00673419 -0.0104517
0.00711793 -0.0108613
0.00749534 -0.0112623
0.00786346 -0.0116507
0.00821817 -0.0120245
0.00855774 -0.0123804
0.00888115 -0.0127151
0.00918579 -0.0130267
0.00947034 -0.0133111
0.00973129 -0.0135665
0.00996739 -0.0137896
0.0101755 -0.0139784
0.010356 -0.0141291
0.0105053 -0.0142407
0.0106217 -0.0143105
0.010704 -0.0143372
0.0107517 -0.0143193
0.010766 -0.0142555
0.0107474 -0.0141454
0.010697 -0.0139887
0.0106151 -0.0137857
0.0105031 -0.0135372
0.0103638 -0.0132443
0.0101988 -0.0129087
0.0100089 -0.0125327
0.00979513 -0.0121184
0.00955725 -0.011669
0.00929677 -0.0111876
0.00901699 -0.0106776
0.00872234 -0.0101428
0.00841767 -0.00958675
0.00810593 -0.0090138
0.00778806 -0.00842834
0.00746471 -0.00783494
0.00713563 -0.00723779
0.00555122 -0.00895953
0.00593507 -0.00938535
0.00632453 -0.00980991
0.00671697 -0.01023
0.0071069 -0.0106435
0.00748974 -0.0110477
0.00786227 -0.0114398
0.008223 -0.0118166
0.00856954 -0.0121759
0.00890136 -0.0125137
0.009215 -0.0128281
0.00950819 -0.0131148
0.00977862 -0.0133726
0.0100248 -0.0135974
0.0102444 -0.013787
0.0104356 -0.0139387
0.010595 -0.0140509
0.0107219 -0.0141209
0.0108156 -0.0141467
0.0108761 -0.0141274
0.010904 -0.0140618
0.0109 -0.0139496
0.0108636 -0.0137908
0.010796 -0.0135854
0.0106994 -0.0133344
0.0105748 -0.0130391
0.0104232 -0.0127011
0.0102446 -0.0123231
0.0100386 -0.0119073
0.00980672 -0.0114566
0.00955176 -0.0109744
0.00927842 -0.0104642
0.00899062 -0.00992963
0.0086914 -0.00937465
0.00838146 -0.00880414
0.00806186 -0.00822219
0.00773177 -0.00763378
0.00739229 -0.00704271
0.00551051 -0.00873804
0.00590444 -0.00916612
0.00630343 -0.00959271
0.00670272 -0.0100152
0.00709766 -0.0104314
0.00748545 -0.0108379
0.00786376 -0.0112327
0.0082317 -0.0116118
0.008587 -0.0119731
0.00892824 -0.0123129
0.0092504 -0.0126294
0.00955385 -0.0129181
0.00983512 -0.0131767
0.0100927 -0.0134024
0.0103234 -0.0135925
0.0105249 -0.0137444
0.0106961 -0.0138558
0.0108349 -0.0139248
0.0109416 -0.0139495
0.0110162 -0.0139285
0.0110588 -0.013861
0.0110689 -0.0137469
0.0110471 -0.0135856
0.0109947 -0.0133775
0.0109128 -0.0131243
0.0108013 -0.0128268
0.0106603 -0.012487
0.0104894 -0.0121073
0.0102889 -0.0116905
0.010062 -0.0112392
0.00981295 -0.010757
0.00954559 -0.0102473
0.00926191 -0.00971425
0.00896341 -0.00916195
0.00865027 -0.00859544
0.00832283 -0.00801888
0.007981 -0.00743681
0.00762504 -0.00685382
0.00547785 -0.00852543
0.00588095 -0.00895482
0.0062865 -0.00938302
0.00669116 -0.00980735
0.00709069 -0.0102251
0.00748467 -0.010633
0.00787032 -0.0110294
0.00824726 -0.01141
0.00861168 -0.0117728
0.0089618 -0.0121137
0.00929517 -0.0124309
0.00960946 -0.0127205
0.00990254 -0.0129799
0.0101716 -0.0132055
0.0104135 -0.0133952
0.0106272 -0.0135465
0.0108102 -0.0136569
0.0109625 -0.0137243
0.0110838 -0.0137472
0.0111729 -0.0137244
0.0112303 -0.0136548
0.0112551 -0.0135382
0.011248 -0.0133745
0.0112102 -0.0131642
0.0111411 -0.0129086
0.01104 -0.0126096
0.0109062 -0.0122686
0.0107402 -0.011888
0.0105442 -0.0114707
0.0103227 -0.0110194
0.0100786 -0.0105378
0.0098142 -0.0100298
0.00952992 -0.00949976
0.00922683 -0.00895184
0.0089049 -0.00839061
0.008564 -0.0078212
0.00820431 -0.00724778
0.00782639 -0.00667492
0.00586218 -0.00875163
0.00627345 -0.00918025
0.00668275 -0.00960535
0.00708824 -0.0100237
0.00748974 -0.0104329
0.0078845 -0.0108296
0.00827068 -0.0112112
0.00864464 -0.0115745
0.00900561 -0.011916
0.00935006 -0.0122333
0.00967687 -0.0125228
0.00998193 -0.0127816
0.0102621 -0.013007
0.0105168 -0.0131963
0.0107428 -0.0133463
0.0109397 -0.0134549
0.0111066 -0.0135204
0.0112426 -0.0135414
0.0113468 -0.0135161
0.0114188 -0.0134439
0.0114583 -0.0133251
0.0114657 -0.0131592
0.0114401 -0.0129471
0.011381 -0.0126901
0.0112869 -0.0123895
0.0111575 -0.0120477
0.0109955 -0.0116667
0.0108043 -0.0112495
0.0105866 -0.0107993
0.0103442 -0.0103197
0.0100778 -0.00981474
0.00978807 -0.00928894
0.00947431 -0.00874728
0.00913742 -0.00819361
0.00877717 -0.00763309
0.00839391 -0.00707048
0.00798926 -0.00651011
0.00584835 -0.00855565
0.00626439 -0.00898457
0.00667906 -0.00940984
0.00709307 -0.00982803
0.00750291 -0.0102372
0.00790733 -0.0106338
0.00830311 -0.0110154
0.00868839 -0.0113786
0.0090605 -0.0117202
0.00941813 -0.0120368
0.00975645 -0.0123259
0.0100729 -0.0125837
0.0103668 -0.0128081
0.0106341 -0.0129958
0.0108742 -0.0131441
0.0110856 -0.0132509
0.0112679 -0.013314
0.0114189 -0.0133328
0.0115377 -0.0133052
0.0116242 -0.0132309
0.0116778 -0.0131097
0.0116972 -0.0129422
0.0116816 -0.0127284
0.0116286 -0.0124702
0.0115384 -0.0121689
0.0114127 -0.0118268
0.0112544 -0.0114461
0.0110663 -0.0110297
0.0108492 -0.0105816
0.0106036 -0.0101054
0.0103297 -0.00960535
0.010028 -0.00908595
0.00969794 -0.00855193
0.00933978 -0.00800785
0.00895429 -0.00745851
0.00854248 -0.00690892
0.00810632 -0.00636378
0.00583911 -0.0083679
0.00626087 -0.00879604
0.00668395 -0.00922054
0.00710624 -0.00963837
0.0075258 -0.0100468
0.00793982 -0.0104432
0.00834686 -0.0108242
0.00874388 -0.0111868
0.00912899 -0.0115274
0.00949866 -0.0118431
0.00984848 -0.0121312
0.0101792 -0.0123879
0.0104858 -0.0126106
0.0107673 -0.0127959
0.0110224 -0.0129421
0.0112491 -0.013047
0.0114465 -0.0131078
0.011612 -0.0131239
0.0117454 -0.0130941
0.0118454 -0.0130176
0.011911 -0.0128944
0.0119398 -0.012725
0.01193 -0.0125103
0.0118805 -0.0122512
0.0117934 -0.0119497
0.0116709 -0.0116078
0.0115144 -0.0112282
0.0113254 -0.0108142
0.0111037 -0.0103694
0.0108491 -0.00989825
0.010562 -0.00940469
0.010242 -0.00889358
0.00988913 -0.00836939
0.00950387 -0.00783691
0.00908762 -0.00730139
0.00864244 -0.00676736
0.0081704 -0.00624013
0.00583637 -0.00818843
0.00626612 -0.00861543
0.00669777 -0.00903863
0.00712943 -0.00945568
0.00755882 -0.00986314
0.00798422 -0.0102584
0.00840336 -0.0106381
0.00881326 -0.0109996
0.00921059 -0.0113389
0.00959176 -0.0116531
0.00995648 -0.0119398
0.0103005 -0.0121944
0.0106211 -0.0124149
0.0109175 -0.0125985
0.0111884 -0.0127419
0.0114304 -0.0128443
0.0116418 -0.012903
0.0118219 -0.0129166
0.0119686 -0.0128845
0.0120804 -0.0128059
0.0121545 -0.0126812
0.012189 -0.0125105
0.012182 -0.0122949
0.0121354 -0.0120355
0.0120504 -0.0117344
0.0119284 -0.0113936
0.0117701 -0.0110162
0.0115749 -0.0106056
0.0113427 -0.010166
0.0110731 -0.00970143
0.0107662 -0.00921622
0.0104216 -0.00871518
0.0100394 -0.00820315
0.00962165 -0.0076848
0.00916967 -0.00716546
0.00868613 -0.00665018
0.00817341 -0.00614405
0.00628072 -0.00844282
0.00672197 -0.00886446
0.00716358 -0.00927997
0.00760454 -0.00968605
0.0080418 -0.0100801
0.00847399 -0.0104582
0.00889635 -0.0108182
0.00930512 -0.0111558
0.00970185 -0.0114685
0.01008 -0.0117525
0.0104376 -0.0120053
0.010774 -0.0122231
0.011086 -0.0124042
0.0113716 -0.0125455
0.0116282 -0.0126449
0.011854 -0.0127007
0.0120471 -0.0127123
0.0122051 -0.012678
0.0123252 -0.0125979
0.0124046 -0.012472
0.0124415 -0.0123007
0.0124364 -0.0120845
0.0123912 -0.0118254
0.0123058 -0.0115252
0.0121807 -0.0111864
0.0120145 -0.0108127
0.0118073 -0.0104074
0.0115583 -0.00997466
0.0112672 -0.00951844
0.0109336 -0.00904366
0.0105577 -0.00855505
0.010141 -0.00805736
0.00968495 -0.00755596
0.00919226 -0.0070557
0.00866529 -0.00656205
0.00810587 -0.00608039
0.00630647 -0.00827855
0.0067575 -0.0086984
0.00721049 -0.00911212
0.00766367 -0.00951636
0.00811404 -0.00990838
0.00855869 -0.0102849
0.00899249 -0.0106429
0.00941777 -0.0109789
0.00982726 -0.0112892
0.0102198 -0.0115708
0.0105929 -0.0118207
0.0109447 -0.0120363
0.0112722 -0.0122144
0.0115725 -0.0123529
0.0118424 -0.0124504
0.0120814 -0.0125036
0.0122853 -0.0125129
0.0124511 -0.0124773
0.0125759 -0.0123956
0.0126576 -0.0122687
0.0126956 -0.0120969
0.0126913 -0.0118808
0.0126446 -0.0116228
0.0125544 -0.0113248
0.0124198 -0.0109897
0.01224 -0.010621
0.0120145 -0.0102226
0.011742 -0.00979835
0.0114222 -0.00935295
0.0110554 -0.00889087
0.0106424 -0.00841701
0.0101852 -0.00793642
0.0096859 -0.00745463
0.00914696 -0.00697693
0.00857049 -0.00650853
0.00634378 -0.0081228
0.00680625 -0.00854063
0.00727165 -0.00895256
0.00773752 -0.00935501
0.00820071 -0.00974482
0.00865644 -0.0101196
0.00910753 -0.0104749
0.00954568 -0.0108085
0.00996977 -0.0111166
0.0103774 -0.0113955
0.0107666 -0.0116426
0.0111337 -0.0118554
0.011475 -0.012031
0.0117891 -0.0121668
0.0120721 -0.0122616
0.0123209 -0.0123133
0.0125328 -0.0123205
0.0127028 -0.0122834
0.0128294 -0.012201
0.0129117 -0.0120735
0.0129494 -0.0119016
0.0129426 -0.0116866
0.0128895 -0.0114305
0.0127884 -0.0111363
0.0126385 -0.0108065
0.0124388 -0.0104446
0.0121874 -0.0100551
0.0118843 -0.00964147
0.0115293 -0.00920886
0.011123 -0.00876191
0.010667 -0.00830555
0.0101636 -0.00784528
0.00961536 -0.00738645
0.00902402 -0.00693443
0.00839093 -0.006495
0.00639433 -0.00797606
0.0068692 -0.00839168
0.0073477 -0.00880104
0.00782597 -0.00920159
0.00830108 -0.00958937
0.00877392 -0.00996155
0.00923765 -0.0103148
0.00969088 -0.0106453
0.0101303 -0.0109506
0.0105538 -0.0112271
0.0109581 -0.0114716
0.0113392 -0.0116816
0.0116943 -0.0118545
0.0120204 -0.011988
0.0123138 -0.0120805
0.0125698 -0.0121303
0.0127853 -0.0121364
0.0129569 -0.012098
0.0130836 -0.0120149
0.0131644 -0.0118876
0.0131987 -0.0117167
0.0131837 -0.0115041
0.0131182 -0.0112514
0.0130003 -0.0109623
0.0128283 -0.0106394
0.0126011 -0.0102865
0.0123169 -0.00990775
0.0119762 -0.00950721
0.0115793 -0.00908986
0.0111273 -0.00866082
0.0106224 -0.00822505
0.0100674 -0.00778794
0.00946346 -0.00735545
0.00881281 -0.00693288
0.00811714 -0.00652584
0.00645983 -0.00783783
0.00694716 -0.00825125
0.00743818 -0.00865823
0.00792891 -0.00905627
0.00842071 -0.00944173
0.00890714 -0.00981158
0.00938553 -0.0101621
0.00985384 -0.0104901
0.0103092 -0.0107923
0.0107481 -0.011066
0.0111663 -0.011308
0.0115607 -0.0115153
0.011928 -0.0116858
0.012264 -0.0118173
0.0125638 -0.0119078
0.0128236 -0.011956
0.0130399 -0.0119612
0.013211 -0.0119224
0.0133353 -0.0118392
0.0134113 -0.0117126
0.0134363 -0.0115438
0.0134074 -0.0113348
0.0133232 -0.0110877
0.0131813 -0.0108054
0.0129798 -0.0104915
0.0127175 -0.0101495
0.0123936 -0.00978392
0.0120084 -0.00939894
0.011563 -0.00899971
0.0110596 -0.0085912
0.0104999 -0.00817928
0.00988603 -0.00776902
0.00921986 -0.00736618
0.00850362 -0.00697649
0.00774103 -0.00660503
0.00654018 -0.00770837
0.00704014 -0.0081194
0.00754344 -0.00852418
0.00805086 -0.00892001
0.00855666 -0.00930274
0.00905752 -0.00966996
0.00955158 -0.0100176
0.0100355 -0.0103433
0.0105062 -0.0106429
0.010959 -0.0109138
0.0113902 -0.0111531
0.0117965 -0.011358
0.0121735 -0.0115265
0.0125155 -0.0116563
0.0128185 -0.0117456
0.0130787 -0.0117928
0.0132941 -0.011797
0.0134619 -0.0117582
0.01358 -0.011676
0.0136453 -0.0115516
0.0136545 -0.0113865
0.0136054 -0.0111825
0.0134952 -0.0109424
0.0133218 -0.010669
0.0130831 -0.010366
0.0127786 -0.0100372
0.0124076 -0.00968719
0.0119715 -0.00932023
0.0114715 -0.00894198
0.0109101 -0.00855741
0.0102889 -0.00817233
0.00960955 -0.00779215
0.00887507 -0.00742242
0.00808877 -0.00706878
0.00663537 -0.00758964
0.00714761 -0.00799853
0.00766814 -0.0084011
0.00818944 -0.00879377
0.00870985 -0.00917399
0.00922596 -0.00953865
0.00973588 -0.00988376
0.0102352 -0.0102065
0.0107198 -0.0105036
0.0111853 -0.0107722
0.011628 -0.0110094
0.0120437 -0.0112122
0.0124262 -0.0113791
0.0127712 -0.0115075
0.0130746 -0.0115955
0.0133329 -0.0116423
0.0135442 -0.0116464
0.0137044 -0.0116088
0.0138104 -0.0115285
0.0138586 -0.0114076
0.0138455 -0.0112475
0.0137686 -0.0110505
0.0136248 -0.0108191
0.0134119 -0.0105565
0.0131286 -0.0102665
0.0127746 -0.0099532
0.0123498 -0.00962132
0.011856 -0.00927553
0.0112952 -0.00892112
0.0106691 -0.00856346
0.00997928 -0.00820845
0.00922871 -0.00786152
0.00842124 -0.00752807
0.00756168 -0.00721323
0.00674504 -0.00748199
0.00727546 -0.00788832
0.00780922 -0.0082888
0.00834519 -0.00867933
0.00888085 -0.00905699
0.00941318 -0.00941855
0.00993806 -0.00976127
0.0104511 -0.0100818
0.0109481 -0.0103765
0.0114252 -0.0106427
0.0118768 -0.010878
0.0122978 -0.0110795
0.0126832 -0.0112448
0.0130277 -0.0113723
0.0133288 -0.0114598
0.0135819 -0.0115067
0.0137846 -0.0115117
0.0139313 -0.0114758
0.0140186 -0.0113993
0.0140426 -0.0112833
0.0139999 -0.01113
0.0138873 -0.0109416
0.0137019 -0.010721
0.0134419 -0.0104714
0.0131064 -0.010197
0.0126956 -0.0099017
0.0122105 -0.00959057
0.0116529 -0.00926846
0.0110241 -0.00894102
0.0103262 -0.0086135
0.00956216 -0.0082916
0.00873607 -0.0079805
0.0078527 -0.00768569
0.006917 -0.00741208
0.00687498 -0.00738585
0.00741869 -0.00778991
0.00796753 -0.00818771
0.00851929 -0.00857598
0.00907046 -0.00895143
0.00961757 -0.00931096
0.0101564 -0.00965118
0.0106819 -0.00996953
0.0111899 -0.0102623
0.0116753 -0.0105268
0.0121325 -0.0107607
0.0125557 -0.0109608
0.0129402 -0.0111251
0.0132819 -0.011252
0.0135768 -0.0113395
0.0138206 -0.0113871
0.0140078 -0.0113946
0.0141346 -0.0113618
0.0141959 -0.0112903
0.0141883 -0.0111811
0.0141079 -0.0110363
0.0139515 -0.0108585
0.0137164 -0.0106508
0.0134017 -0.0104167
0.0130067 -0.0101602
0.0125326 -0.00988576
0.0119803 -0.00959831
0.0113516 -0.00930306
0.0106481 -0.00900546
0.00987327 -0.00871068
0.00903088 -0.00842428
0.00812632 -0.00815138
0.00716463 -0.00789732
0.00702089 -0.00730056
0.00757927 -0.00770235
0.00814384 -0.00809765
0.00871092 -0.00848413
0.00927734 -0.00885719
0.00983804 -0.00921482
0.0103891 -0.00955296
0.0109254 -0.00986969
0.0114415 -0.0101611
0.0119324 -0.0104242
0.0123914 -0.0106571
0.0128133 -0.0108566
0.0131944 -0.0110206
0.0135293 -0.0111476
0.0138131 -0.0112361
0.0140405 -0.011286
0.0142061 -0.0112968
0.0143051 -0.0112693
0.0143331 -0.0112044
0.0142857 -0.0111036
0.0141591 -0.0109696
0.0139505 -0.0108045
0.0136582 -0.0106118
0.0132811 -0.0103956
0.01282 -0.0101593
0.0122755 -0.00990829
0.0116492 -0.00964722
0.0109429 -0.00938147
0.0101597 -0.00911605
0.00930378 -0.00885645
0.00838038 -0.00860777
0.0073953 -0.00837484
0.0063554 -0.00816241
0.00718397 -0.00722522
0.00775737 -0.00762564
0.00833786 -0.00801897
0.00891972 -0.00840312
0.00949991 -0.0087747
0.0100724 -0.00913095
0.0106339 -0.00946772
0.0111784 -0.00978285
0.0116995 -0.0100732
0.012192 -0.0103358
0.0126492 -0.0105681
0.0130674 -0.0107673
0.0134408 -0.010932
0.0137632 -0.0110601
0.0140297 -0.0111507
0.0142336 -0.0112042
0.0143701 -0.01122
0.0144339 -0.0111992
0.0144197 -0.0111426
0.0143242 -0.0110524
0.0141433 -0.0109309
0.0138745 -0.010781
0.0135174 -0.0106058
0.013071 -0.0104097
0.0125366 -0.0101967
0.0119149 -0.00997168
0.0112083 -0.00973949
0.0104193 -0.00950539
0.00955245 -0.00927442
0.00861332 -0.00905147
0.00760773 -0.00884157
0.0065428 -0.00864926
0.00542653 -0.00847873
0.00736403 -0.00715995
0.0079537 -0.00755852
0.00854814 -0.00795102
0.00914365 -0.00833368
0.00973564 -0.00870407
0.0103188 -0.00905895
0.010888 -0.00939512
0.0114369 -0.00970972
0.0119596 -0.00999975
0.0124501 -0.0102623
0.0129027 -0.0104944
0.0133126 -0.010694
0.0136726 -0.0108601
0.0139763 -0.0109907
0.0142178 -0.0110852
0.0143909 -0.0111437
0.0144904 -0.0111662
0.01451 -0.011154
0.0144457 -0.0111077
0.0142932 -0.0110302
0.0140496 -0.0109234
0.0137135 -0.0107904
0.013284 -0.0106352
0.0127616 -0.0104615
0.0121471 -0.0102741
0.0114424 -0.0100772
0.0106502 -0.00987601
0.0097754 -0.00967532
0.00882322 -0.00947994
0.00780004 -0.00929457
0.00671333 -0.00912392
0.00557128 -0.00897175
0.00756121 -0.00710535
0.00816548 -0.00750262
0.00877327 -0.0078941
0.00938076 -0.00827599
0.00998265 -0.00864583
0.0105734 -0.00900048
0.0111469 -0.00933629
0.0116971 -0.00965077
0.0122179 -0.00994062
0.0127031 -0.0102038
0.0131465 -0.0104369
0.013542 -0.0106384
0.0138819 -0.0108073
0.0141592 -0.0109419
0.0143685 -0.0110415
0.0145026 -0.0111067
0.0145562 -0.0111374
0.0145233 -0.0111354
0.0144 -0.0111014
0.0141826 -0.0110384
0.0138687 -0.0109484
0.0134577 -0.0108349
0.012949 -0.0107017
0.012344 -0.0105526
0.0116436 -0.0103926
0.0108509 -0.0102257
0.00997078 -0.0100566
0.00900859 -0.00989029
0.00797069 -0.00973102
0.0068655 -0.00958288
0.00570112 -0.00945047
0.0044874 -0.00933683
0.007774 -0.00706166
0.00839138 -0.00745863
0.00901091 -0.00784945
0.009628 -0.00823122
0.0102376 -0.00860089
0.0108324 -0.00895572
0.0114073 -0.00929213
0.0119548 -0.00960714
0.01247 -0.00989795
0.012945 -0.0101619
0.0133731 -0.0103974
0.0137473 -0.0106018
0.0140596 -0.0107745
0.0143033 -0.0109144
0.0144718 -0.0110209
0.0145583 -0.0110946
0.0145572 -0.0111354
0.0144631 -0.0111454
0.0142726 -0.0111254
0.0139822 -0.0110789
0.0135909 -0.0110077
0.0130981 -0.0109157
0.012504 -0.0108064
0.0118106 -0.0106839
0.01102 -0.0105525
0.0101371 -0.0104165
0.00916785 -0.0102803
0.00811884 -0.010148
0.00699791 -0.0100242
0.00581476 -0.0099121
0.00457904 -0.00981545
0.00330156 -0.00973719
0.00800055 -0.00702912
0.00862914 -0.0074265
0.00925833 -0.00781763
0.00988275 -0.00819975
0.010496 -0.00857019
0.0110922 -0.00892556
0.011664 -0.00926316
0.012206 -0.00957912
0.0127095 -0.00987202
0.0131688 -0.0101383
0.0135746 -0.0103768
0.0139197 -0.0105858
0.0141968 -0.0107638
0.0143982 -0.0109105
0.0145174 -0.0110253
0.0145473 -0.0111091
0.014483 -0.0111617
0.0143191 -0.0111859
0.0140534 -0.0111818
0.0136829 -0.0111534
0.0132073 -0.0111029
0.0126266 -0.0110338
0.011942 -0.0109497
0.011156 -0.0108547
0.0102734 -0.0107526
0.00930005 -0.0106474
0.00824273 -0.0105435
0.00710997 -0.0104444
0.00591141 -0.0103538
0.0046573 -0.0102751
0.00335929 -0.0102108
0.0020287 -0.0101632
0.00067848 -0.0101339
0.00760317 -0.00660837
0.00823802 -0.00700915
0.0088762 -0.00740701
0.00951231 -0.00779933
0.0101407 -0.00818282
0.0107546 -0.00855452
0.011348 -0.00891131
0.0119131 -0.00925034
0.0124432 -0.00956869
0.0129302 -0.00986397
0.0133656 -0.0101343
0.0137416 -0.0103772
0.0140502 -0.0105919
0.0142833 -0.0107772
0.0144337 -0.0109321
0.0144946 -0.0110569
0.0144589 -0.0111521
0.0143231 -0.0112184
0.0140818 -0.0112575
0.0137334 -0.0112713
0.0132765 -0.0112627
0.0127107 -0.011234
0.012037 -0.0111889
0.011258 -0.0111308
0.0103786 -0.0110632
0.00940391 -0.0109902
0.00834185 -0.0109151
0.00720057 -0.0108417
0.00599006 -0.0107734
0.00472167 -0.010713
0.00340685 -0.010663
0.002058 -0.0106259
0.000688314 -0.010603
0.00784016 -0.00660002
0.00848389 -0.00700235
0.00912881 -0.0074017
0.00976896 -0.00779539
0.0103979 -0.00818074
0.011009 -0.00855452
0.0115948 -0.00891364
0.012148 -0.00925529
0.0126599 -0.00957686
0.0131227 -0.00987607
0.0135269 -0.0101512
0.0138649 -0.0103999
0.0141284 -0.0106216
0.0143089 -0.0108151
0.0143994 -0.01098
0.0143926 -0.0111162
0.014284 -0.0112241
0.0140681 -0.0113057
0.013742 -0.0113617
0.0133052 -0.0113944
0.0127558 -0.0114063
0.0120951 -0.0114002
0.0113256 -0.0113794
0.0104515 -0.0113469
0.00947908 -0.0113062
0.00841522 -0.0112605
0.00726888 -0.0112134
0.00605047 -0.0111677
0.00477168 -0.0111261
0.0034439 -0.0110914
0.00208092 -0.011065
0.000695944 -0.0110487
0.00808454 -0.00660437
0.00873512 -0.00700843
0.00938362 -0.00741035
0.0100241 -0.00780678
0.0106499 -0.00819427
0.0112531 -0.00857073
0.0118264 -0.00893313
0.0123607 -0.00927848
0.0128476 -0.00960457
0.0132782 -0.00990903
0.0136432 -0.0101904
0.0139349 -0.0104464
0.014144 -0.0106763
0.0142632 -0.0108793
0.0142847 -0.0110553
0.0142024 -0.0112045
0.014012 -0.0113269
0.0137094 -0.0114242
0.0132932 -0.0114977
0.012762 -0.0115498
0.0121159 -0.0115829
0.0113581 -0.0115992
0.0104922 -0.011602
0.00952476 -0.011594
0.00846234 -0.0115784
0.00731456 -0.0115576
0.00609207 -0.0115349
0.0048064 -0.0115127
0.0034703 -0.011493
0.00209722 -0.0114776
0.000701755 -0.0114676
0.00833321 -0.00662231
0.00898719 -0.00702929
0.00963658 -0.00743407
0.0102734 -0.0078333
0.0108907 -0.00822461
0.011481 -0.00860459
0.0120346 -0.0089711
0.0125431 -0.00932133
0.0129968 -0.00965297
0.0133872 -0.00996405
0.013705 -0.0102523
0.013941 -0.0105171
0.0140871 -0.0107567
0.0141355 -0.0109708
0.01408 -0.0111587
0.0139148 -0.0113212
0.0136359 -0.0114589
0.0132411 -0.0115728
0.0127289 -0.0116647
0.0120996 -0.0117362
0.0113553 -0.0117896
0.0105003 -0.0118275
0.00954038 -0.0118522
0.00848308 -0.0118663
0.0073373 -0.0118724
0.00611427 -0.0118729
0.00482607 -0.0118698
0.00348571 -0.0118655
0.00210717 -0.0118613
0.000704944 -0.0118583
0.00792623 -0.00624329
0.00858241 -0.00665349
0.00923735 -0.00706422
0.00988209 -0.00747293
0.0105107 -0.0078761
0.0111145 -0.00827169
0.0116844 -0.00865674
0.0122115 -0.00902832
0.0126857 -0.00938481
0.013099 -0.00972301
0.0134403 -0.0100417
0.0137014 -0.0103388
0.013873 -0.0106127
0.0139475 -0.0108628
0.0139175 -0.0110888
0.0137771 -0.0112898
0.013522 -0.0114668
0.0131492 -0.0116199
0.0126573 -0.0117505
0.0120462 -0.0118598
0.0113174 -0.01195
0.0104755 -0.0120223
0.00952631 -0.0120793
0.00847694 -0.0121232
0.00733683 -0.012156
0.00611734 -0.0121795
0.00483042 -0.0121962
0.00348988 -0.0122071
0.00211018 -0.0122139
0.000705957 -0.0122176
0.00817168 -0.00628513
0.00882864 -0.00669938
0.00947893 -0.00711459
0.0101151 -0.00752765
0.0107295 -0.00793582
0.0113128 -0.00833642
0.011855 -0.00872767
0.0123475 -0.0091058
0.0127802 -0.00946903
0.0131432 -0.00981522
0.0134276 -0.0101423
0.0136229 -0.0104491
0.0137216 -0.0107335
0.0137165 -0.010995
0.0136001 -0.0112331
0.0133688 -0.0114473
0.0130186 -0.0116385
0.0125481 -0.0118063
0.011956 -0.0119529
0.0112451 -0.0120786
0.0104185 -0.0121856
0.00948238 -0.0122745
0.00844422 -0.0123475
0.00731325 -0.0124065
0.00610062 -0.0124531
0.00481957 -0.0124888
0.00348309 -0.0125152
0.00210646 -0.0125331
0.000704825 -0.0125434
0.00841343 -0.00634104
0.00906587 -0.00676042
0.00970697 -0.00718087
0.0103289 -0.00759935
0.0109215 -0.00801367
0.0114769 -0.00842071
0.0119843 -0.00881851
0.0124341 -0.00920409
0.0128161 -0.00957543
0.0131208 -0.00993037
0.0133384 -0.0102666
0.0134602 -0.0105831
0.0134784 -0.0108781
0.0133858 -0.0111512
0.0131777 -0.0114015
0.0128508 -0.0116287
0.0124015 -0.0118334
0.0118303 -0.0120155
0.0111381 -0.0121759
0.0103296 -0.0123155
0.00940937 -0.0124359
0.00838527 -0.0125377
0.00726658 -0.0126227
0.00606495 -0.0126917
0.00479317 -0.0127463
0.00346521 -0.0127876
0.00209612 -0.0128164
0.000701427 -0.0128337
0.00864542 -0.00641173
0.00928849 -0.00683689
0.00991458 -0.00726342
0.0105145 -0.00768846
0.0110791 -0.00810945
0.0115987 -0.00852388
0.0120627 -0.00892913
0.0124612 -0.00932306
0.0127845 -0.00970286
0.0130219 -0.0100669
0.0131651 -0.0104128
0.0132053 -0.0107397
0.0131356 -0.0110455
0.0129505 -0.0113296
0.0126461 -0.0115914
0.0122193 -0.0118302
0.0116699 -0.0120465
0.0109985 -0.0122405
0.0102093 -0.0124121
0.0093075 -0.0125622
0.0083003 -0.0126921
0.00719759 -0.0128021
0.00601029 -0.0128932
0.00475186 -0.0129663
0.00343645 -0.0130224
0.00207883 -0.013062
0.000695765 -0.0130855
0.00822026 -0.0060693
0.00886196 -0.00649738
0.00948954 -0.00692934
0.0100935 -0.00736272
0.0106646 -0.00779492
0.0111935 -0.00822365
0.0116688 -0.00864631
0.0120814 -0.00905967
0.0124205 -0.009462
0.0126759 -0.0098511
0.0128382 -0.0102242
0.0128995 -0.0105795
0.0128515 -0.0109161
0.0126886 -0.0112321
0.0124073 -0.0115258
0.012003 -0.011798
0.0114759 -0.0120466
0.0108269 -0.0122719
0.0100592 -0.0124744
0.00917763 -0.0126539
0.00819033 -0.0128102
0.00710648 -0.0129443
0.00593716 -0.0130566
0.00469577 -0.0131475
0.00339687 -0.0132177
0.00205535 -0.0132675
0.000688076 -0.0132973
0.00843 -0.00616336
0.00905615 -0.00659853
0.00966132 -0.00703782
0.0102359 -0.00747925
0.0107708 -0.00791949
0.0112554 -0.00835633
0.0116791 -0.00878704
0.0120314 -0.00920916
0.0123028 -0.00962013
0.0124829 -0.0100179
0.0125629 -0.0104001
0.0125355 -0.0107645
0.0123949 -0.0111094
0.0121351 -0.011434
0.0117544 -0.011736
0.0112506 -0.0120155
0.0106244 -0.012271
0.00987965 -0.0125022
0.00902128 -0.0127088
0.00805628 -0.0128907
0.00699413 -0.0130479
0.00584626 -0.0131805
0.00462556 -0.0132887
0.0033471 -0.0133724
0.0020256 -0.0134325
0.000678182 -0.0134683
0.00861686 -0.00627148
0.00921988 -0.00671482
0.00979567 -0.00716245
0.010334 -0.00761169
0.0108247 -0.0080604
0.0112569 -0.00850582
0.0116205 -0.00894517
0.0119051 -0.00937563
0.0121008 -0.00979507
0.0121985 -0.010201
0.0121906 -0.010591
0.0120703 -0.0109631
0.0118331 -0.0113151
0.011475 -0.0116454
0.0109951 -0.0119532
0.0103932 -0.0122368
0.00967306 -0.0124951
0.00883937 -0.0127276
0.00789911 -0.0129336
0.00686151 -0.0131127
0.00573808 -0.0132644
0.00454181 -0.0133889
0.00328702 -0.0134857
0.00198984 -0.0135548
0.00066632 -0.0135963
0.00817353 -0.00594884
0.00877225 -0.00639373
0.00934643 -0.0068453
0.00988525 -0.00730169
0.0103793 -0.00775945
0.0108176 -0.00821668
0.01119 -0.00867039
0.0114856 -0.00911796
0.0116948 -0.00955659
0.0118085 -0.00998342
0.0118185 -0.010396
0.0117183 -0.0107922
0.0115028 -0.0111695
0.0111672 -0.0115262
0.0107114 -0.0118599
0.0101349 -0.0121692
0.00944054 -0.012453
0.00863343 -0.0127095
0.00771999 -0.012938
0.00670981 -0.0131372
0.00561357 -0.013307
0.00444502 -0.0134466
0.00321794 -0.0135555
0.0019483 -0.0136337
0.000652492 -0.0136806
0.00832069 -0.00607514
0.00889003 -0.00652909
0.00942749 -0.00698936
0.00992209 -0.00745434
0.0103639 -0.00792074
0.0107424 -0.00838631
0.011047 -0.00884807
0.011268 -0.00930285
0.0113959 -0.00974804
0.0114223 -0.010181
0.011341 -0.0105985
0.0111461 -0.0109986
0.0108335 -0.0113785
0.0104021 -0.0117357
0.00985122 -0.0120689
0.009184 -0.0123756
0.00840491 -0.0126542
0.00752085 -0.0129032
0.00653994 -0.0131217
0.00547403 -0.0133083
0.00433606 -0.0134619
0.00313973 -0.0135824
0.00190145 -0.0136687
0.000636637 -0.0137208
0.00842977 -0.0062151
0.00896251 -0.00667757
0.00945568 -0.00714695
0.0098983 -0.00762045
0.0102807 -0.00809515
0.0105922 -0.00856793
0.0108228 -0.00903642
0.010963 -0.0094974
0.0110048 -0.00994724
0.0109408 -0.0103838
0.0107663 -0.0108037
0.0104762 -0.0112044
0.010069 -0.0115832
0.00954449 -0.0119372
0.00890535 -0.0122647
0.00815594 -0.0125635
0.0073024 -0.0128315
0.00635326 -0.0130669
0.00532049 -0.0132685
0.00421554 -0.0134354
0.00305349 -0.013566
0.00184935 -0.01366
0.000619352 -0.0137165
0.00849313 -0.00636727
0.00898218 -0.00683892
0.00942361 -0.00731665
0.00980788 -0.00779772
0.0101237 -0.00827962
0.0103618 -0.00875878
0.0105132 -0.00923234
0.0105683 -0.00969696
0.0105209 -0.0101492
0.0103655 -0.0105865
0.0100974 -0.0110052
0.00971496 -0.0114021
0.00921696 -0.0117753
0.00860661 -0.0121214
0.0078879 -0.0124377
0.00706697 -0.0127226
0.00615168 -0.0129738
0.00515366 -0.0131891
0.00408494 -0.0133675
0.00295943 -0.0135078
0.00179285 -0.0136083
0.000600398 -0.0136693
0.00802147 -0.00605994
0.00850445 -0.00653136
0.00894254 -0.00701112
0.00932598 -0.00749654
0.00964457 -0.00798446
0.00988823 -0.00847173
0.0100486 -0.00895512
0.010116 -0.00943106
0.0100837 -0.00989681
0.00994688 -0.0103478
0.00970048 -0.0107818
0.00934184 -0.0111949
0.00887084 -0.011584
0.00829029 -0.0119459
0.00760305 -0.0122782
0.00681573 -0.0125778
0.00593638 -0.0128425
0.00497526 -0.01307
0.00394464 -0.0132591
0.00285894 -0.0134072
0.00173181 -0.0135143
0.000580192 -0.0135787
0.00802469 -0.00622481
0.00845712 -0.00670433
0.00883806 -0.0071913
0.0091573 -0.0076825
0.00940484 -0.00817519
0.00957263 -0.00866562
0.00965023 -0.0091508
0.00963271 -0.00962621
0.00951284 -0.0100892
0.00928736 -0.0105354
0.00895274 -0.0109615
0.00850898 -0.0113643
0.00795799 -0.01174
0.00730342 -0.0120851
0.00655109 -0.0123973
0.00570881 -0.0126734
0.00478625 -0.0129118
0.00379646 -0.0131094
0.00275189 -0.013265
0.00166738 -0.0133772
0.000558674 -0.0134448
0.00797015 -0.00639623
0.00834686 -0.00688219
0.00866461 -0.00737488
0.00891441 -0.00787026
0.00908744 -0.00836515
0.00917482 -0.00885588
0.0091697 -0.00933909
0.0090667 -0.00981009
0.00886124 -0.0102658
0.00854987 -0.0107023
0.00813335 -0.0111156
0.00761288 -0.011502
0.00699121 -0.0118586
0.006275 -0.012181
0.0054704 -0.0124671
0.0045886 -0.0127138
0.00364095 -0.0129189
0.00263959 -0.0130808
0.00159979 -0.0131974
0.000535667 -0.0132681
0.00785416 -0.00657099
0.00816923 -0.00706178
0.00841951 -0.00755727
0.00859672 -0.00805384
0.00869161 -0.0085479
0.0086987 -0.00903517
0.00861096 -0.00951225
0.00842476 -0.00997508
0.00813657 -0.0104191
0.00774693 -0.0108402
0.00725633 -0.0112351
0.00666881 -0.0115997
0.00598884 -0.0119305
0.00522375 -0.0122242
0.0043835 -0.0124781
0.003479 -0.0126893
0.00252306 -0.0128561
0.0015291 -0.0129765
0.000512421 -0.0130491
0.00767374 -0.00674528
0.00792295 -0.00723845
0.00810266 -0.0077343
0.00820434 -0.0082289
0.00822163 -0.00871819
0.00814813 -0.00919825
0.0079807 -0.00966442
0.00771552 -0.0101132
0.00735199 -0.0105402
0.00689179 -0.0109408
0.00633794 -0.0113114
0.00569516 -0.0116483
0.00496984 -0.0119479
0.00417233 -0.012207
0.00331223 -0.012423
0.00240266 -0.0125933
0.0014565 -0.0127164
0.000488043 -0.0127907
0.0074271 -0.00691527
0.00760806 -0.00740755
0.00771505 -0.00790018
0.00774157 -0.00838864
0.00768197 -0.00886875
0.00753194 -0.00933665
0.00728852 -0.00978756
0.00695133 -0.0102171
0.00652122 -0.0106212
0.00600106 -0.0109956
0.00539559 -0.0113363
0.00471073 -0.0116397
0.00395626 -0.0119021
0.003142 -0.0121211
0.00227958 -0.0122944
0.00138217 -0.0124195
0.000463009 -0.0124953
0.00711542 -0.00707477
0.00722659 -0.00756252
0.00726146 -0.00804764
0.00721407 -0.00852567
0.00708103 -0.00899202
0.00685894 -0.00944227
0.00654727 -0.00987256
0.00614679 -0.0102777
0.00566041 -0.0106536
0.0050922 -0.0109959
0.00444829 -0.0113012
0.00373721 -0.0115657
0.00296873 -0.0117864
0.00215453 -0.0119607
0.00130635 -0.0120872
0.000437915 -0.0121635
0.00678343 -0.00769669
0.00674772 -0.00816965
0.00663078 -0.00863242
0.00642866 -0.00908047
0.00614208 -0.00950801
0.00577098 -0.00991154
0.00531805 -0.0102866
0.00478697 -0.0106285
0.00418377 -0.0109338
0.0035165 -0.0111983
0.00279438 -0.0114198
0.00202805 -0.0115949
0.00123012 -0.0117212
0.000412405 -0.0117978
0.00628495 -0.0078038
0.00618273 -0.00825983
0.00600111 -0.00870204
0.00573856 -0.00912541
0.00539589 -0.0095256
0.00497615 -0.00989741
0.00448173 -0.0102372
0.00391918 -0.0105405
0.003295 -0.0108041
0.00261933 -0.0110241
0.00190175 -0.0111985
0.00115353 -0.0113243
0.000386715 -0.0114007
0.00557774 -0.00831228
0.00533837 -0.00872934
0.00502408 -0.00912344
0.00463635 -0.00949037
0.0041784 -0.00982594
0.00365567 -0.0101258
0.00307494 -0.0103862
0.00244492 -0.0106043
0.00177592 -0.0107767
0.00107718 -0.0109022
0.000360847 -0.0109777
0.00430077 -0.00906914
0.00387859 -0.00939882
0.0033952 -0.0096938
0.00285685 -0.00995028
0.00227255 -0.0101646
0.00165039 -0.0103347
0.00100166 -0.0104576
0.000335991 -0.0105321
0.00092715 -0.00999492
0.000310779 -0.0100681
