# graffiti_thumb.png	[1,0;0,1]
# unwarped points: 1911	warped points: 1708
# fraction found	fraction correct
0	0.893773	0
0.1	0.893773	0.974824
0.2	0.893773	0.977752
0.3	0.893773	0.981265
0.4	0.893773	0.982436
0.5	0.893773	0.983607
0.6	0.893773	0.987705
0.7	0.893773	0.991218
0.8	0.893773	0.992389
0.9	0.893773	0.996487
1	0.893773	1.00117
1.1	0.893773	1.00703
1.2	0.893773	1.0082
1.3	0.893773	1.0082
1.4	0.893773	1.00995
1.5	0.893773	1.01405
1.6	0.893773	1.01522
1.7	0.893773	1.02049
1.8	0.893773	1.02166
1.9	0.893773	1.024
2	0.893773	1.02752
2.1	0.893773	1.02986
2.2	0.893773	1.0322
2.3	0.893773	1.03571
2.4	0.893773	1.03981
2.5	0.893773	1.04742
2.6	0.893773	1.05211
2.7	0.893773	1.06382
2.8	0.893773	1.0726
2.9	0.893773	1.08314
3	0.893773	1.1089
3.1	0.893773	1.12529
3.2	0.893773	1.15632
3.3	0.893773	1.18443
3.4	0.893773	1.21604
3.5	0.893773	1.25176
3.6	0.893773	1.28923
3.7	0.893773	1.32201
3.8	0.893773	1.35656
3.9	0.893773	1.39578
4	0.893773	1.44379
