# Harris_Laplace	graffiti_thumb.png	[1,0.20271;0,1]
# unwarped points: 687	warped points: 719
# fraction found	fraction correct
0.01	1.04658	0.00291121
0.1	1.04658	0.077147
0.2	1.04658	0.15575
0.3	1.04658	0.25182
0.4	1.04658	0.318777
0.5	1.04658	0.388646
0.6	1.04658	0.454148
0.7	1.04658	0.503639
0.8	1.04658	0.558952
0.9	1.04658	0.593886
1	1.04658	0.620087
1.1	1.04658	0.732169
1.2	1.04658	0.786026
1.3	1.04658	0.815138
1.4	1.04658	0.835517
1.5	1.04658	0.847162
1.6	1.04658	0.860262
1.7	1.04658	0.866084
1.8	1.04658	0.877729
1.9	1.04658	0.889374
2	1.04658	0.899563
2.1	1.04658	0.959243
2.2	1.04658	0.989811
2.3	1.04658	1.0131
2.4	1.04658	1.04658
2.5	1.04658	1.07132
2.6	1.04658	1.08879
2.7	1.04658	1.12227
2.8	1.04658	1.1441
2.9	1.04658	1.17031
3	1.04658	1.19505
3.1	1.04658	1.26492
3.2	1.04658	1.31004
3.3	1.04658	1.36099
3.4	1.04658	1.40029
3.5	1.04658	1.4425
3.6	1.04658	1.47889
3.7	1.04658	1.50655
3.8	1.04658	1.54294
3.9	1.04658	1.57642
4	1.04658	1.59534
