# Harris_Laplace	graffiti_thumb.png	[1,0.20271;0,1]
# unwarped points: 1246	warped points: 1265
# fraction found	fraction correct
0.01	1.01525	0.00561798
0.1	1.01525	0.0794543
0.2	1.01525	0.154093
0.3	1.01525	0.24077
0.4	1.01525	0.302568
0.5	1.01525	0.365169
0.6	1.01525	0.427769
0.7	1.01525	0.47512
0.8	1.01525	0.52488
0.9	1.01525	0.566613
1	1.01525	0.594703
1.1	1.01525	0.73114
1.2	1.01525	0.808989
1.3	1.01525	0.850722
1.4	1.01525	0.890851
1.5	1.01525	0.917335
1.6	1.01525	0.946228
1.7	1.01525	0.96549
1.8	1.01525	0.982343
1.9	1.01525	0.998395
2	1.01525	1.01043
2.1	1.01525	1.08909
2.2	1.01525	1.13242
2.3	1.01525	1.17416
2.4	1.01525	1.21188
2.5	1.01525	1.24077
2.6	1.01525	1.27047
2.7	1.01525	1.29535
2.8	1.01525	1.32343
2.9	1.01525	1.35152
3	1.01525	1.3756
3.1	1.01525	1.45506
3.2	1.01525	1.50241
3.3	1.01525	1.56421
3.4	1.01525	1.59952
3.5	1.01525	1.63563
3.6	1.01525	1.67255
3.7	1.01525	1.70947
3.8	1.01525	1.74398
3.9	1.01525	1.77608
4	1.01525	1.80498
