# Harris_Laplace	graffiti_thumb.png	[1,0.20271;0,1]
# unwarped points: 1674	warped points: 1706
# fraction found	fraction correct
0.01	1.01912	0.00716846
0.1	1.01912	0.0716846
0.2	1.01912	0.137993
0.3	1.01912	0.212664
0.4	1.01912	0.26583
0.5	1.01912	0.320789
0.6	1.01912	0.377539
0.7	1.01912	0.42055
0.8	1.01912	0.468339
0.9	1.01912	0.507766
1	1.01912	0.537037
1.1	1.01912	0.676822
1.2	1.01912	0.753286
1.3	1.01912	0.800478
1.4	1.01912	0.841099
1.5	1.01912	0.867981
1.6	1.01912	0.893668
1.7	1.01912	0.915173
1.8	1.01912	0.934886
1.9	1.01912	0.95221
2	1.01912	0.967742
2.1	1.01912	1.05675
2.2	1.01912	1.10753
2.3	1.01912	1.15054
2.4	1.01912	1.19235
2.5	1.01912	1.22103
2.6	1.01912	1.25448
2.7	1.01912	1.28256
2.8	1.01912	1.31183
2.9	1.01912	1.3417
3	1.01912	1.36679
3.1	1.01912	1.45281
3.2	1.01912	1.5006
3.3	1.01912	1.55914
3.4	1.01912	1.59618
3.5	1.01912	1.63321
3.6	1.01912	1.67264
3.7	1.01912	1.71147
3.8	1.01912	1.74432
3.9	1.01912	1.77718
4	1.01912	1.80645
