# graffiti_thumb.png	[1,0;1.55741,1]
# unwarped points: 1911	warped points: 240
# fraction found	fraction correct
0.01	0.125589	0
0.1	0.125589	0.0125
0.2	0.125589	0.0458333
0.3	0.125589	0.104167
0.4	0.125589	0.158333
0.5	0.125589	0.183333
0.6	0.125589	0.208333
0.7	0.125589	0.241667
0.8	0.125589	0.3
0.9	0.125589	0.3125
1	0.125589	0.320833
1.1	0.125589	0.329167
1.2	0.125589	0.354167
1.3	0.125589	0.366667
1.4	0.125589	0.379167
1.5	0.125589	0.395833
1.6	0.125589	0.4125
1.7	0.125589	0.433333
1.8	0.125589	0.470833
1.9	0.125589	0.479167
2	0.125589	0.491667
2.1	0.125589	0.495833
2.2	0.125589	0.504167
2.3	0.125589	0.525
2.4	0.125589	0.529167
2.5	0.125589	0.541667
2.6	0.125589	0.566667
2.7	0.125589	0.583333
2.8	0.125589	0.591667
2.9	0.125589	0.6
3	0.125589	0.625
3.1	0.125589	0.645833
3.2	0.125589	0.6625
3.3	0.125589	0.670833
3.4	0.125589	0.695833
3.5	0.125589	0.708333
3.6	0.125589	0.725
3.7	0.125589	0.754167
3.8	0.125589	0.7875
3.9	0.125589	0.808333
4	0.125589	0.8375
