# graffiti_thumb.png	[1,0;0,1]
# unwarped points: 1911	warped points: 1923
# fraction found	fraction correct
0.01	1.00628	0.965679
0.1	1.00628	0.973479
0.2	1.00628	0.976599
0.3	1.00628	0.981279
0.4	1.00628	0.983879
0.5	1.00628	0.986999
0.6	1.00628	0.99116
0.7	1.00628	0.9948
0.8	1.00628	0.99636
0.9	1.00628	1.00052
1	1.00628	1.0052
1.1	1.00628	1.0104
1.2	1.00628	1.01248
1.3	1.00628	1.01248
1.4	1.00628	1.01352
1.5	1.00628	1.01664
1.6	1.00628	1.01872
1.7	1.00628	1.02392
1.8	1.00628	1.02496
1.9	1.00628	1.02704
2	1.00628	1.03016
2.1	1.00628	1.03328
2.2	1.00628	1.03536
2.3	1.00628	1.03848
2.4	1.00628	1.0416
2.5	1.00628	1.04784
2.6	1.00628	1.052
2.7	1.00628	1.0624
2.8	1.00628	1.07072
2.9	1.00628	1.08008
3	1.00628	1.10504
3.1	1.00628	1.1222
3.2	1.00628	1.15029
3.3	1.00628	1.17785
3.4	1.00628	1.20697
3.5	1.00628	1.24025
3.6	1.00628	1.27509
3.7	1.00628	1.30785
3.8	1.00628	1.34373
3.9	1.00628	1.38066
4	1.00628	1.42434
